Passenger Wait Time [min]
hour	0.00+	2.50+	5.00+	7.50+	10.00+	12.50+	15.00+	17.50+	20.00+	22.50+	25.00+	27.50+	30.00+	32.50+	35.00+	37.50+	40.00+	42.50+	45.00+	47.50+	50.00+	52.50+	55.00+	57.50+	60.00+
6	5	2	1	0	0	0	0	0	0	0	0	0	0	0	0	0	0	0	0	0	0	0	0	0	0
7	11	9	0	0	0	0	0	0	0	0	0	0	0	0	0	0	0	0	0	0	0	0	0	0	0
8	33	6	0	0	0	0	0	0	0	0	0	0	0	0	0	0	0	0	0	0	0	0	0	0	0
9	37	3	0	0	0	0	0	0	0	0	0	0	0	0	0	0	0	0	0	0	0	0	0	0	0
10	38	1	2	0	0	0	0	0	0	0	0	0	0	0	0	0	0	0	0	0	0	0	0	0	0
11	26	2	0	0	0	0	0	0	0	0	0	0	0	0	0	0	0	0	0	0	0	0	0	0	0
12	6	2	0	0	0	0	0	0	0	0	0	0	0	0	0	0	0	0	0	0	0	0	0	0	0
13	17	0	0	0	0	0	0	0	0	0	0	0	0	0	0	0	0	0	0	0	0	0	0	0	0
14	23	2	0	0	0	0	0	0	0	0	0	0	0	0	0	0	0	0	0	0	0	0	0	0	0
15	35	1	0	0	0	0	0	0	0	0	0	0	0	0	0	0	0	0	0	0	0	0	0	0	0
16	44	4	0	0	0	0	0	0	0	0	0	0	0	0	0	0	0	0	0	0	0	0	0	0	0
17	32	6	1	0	0	0	0	0	0	0	0	0	0	0	0	0	0	0	0	0	0	0	0	0	0
18	18	6	0	0	0	0	0	0	0	0	0	0	0	0	0	0	0	0	0	0	0	0	0	0	0
19	13	2	0	0	0	0	0	0	0	0	0	0	0	0	0	0	0	0	0	0	0	0	0	0	0
20	0	0	0	0	0	0	0	0	0	0	0	0	0	0	0	0	0	0	0	0	0	0	0	0	0
21	0	0	0	0	0	0	0	0	0	0	0	0	0	0	0	0	0	0	0	0	0	0	0	0	0
22	0	0	0	0	0	0	0	0	0	0	0	0	0	0	0	0	0	0	0	0	0	0	0	0	0
23	0	0	0	0	0	0	0	0	0	0	0	0	0	0	0	0	0	0	0	0	0	0	0	0	0
24	0	0	0	0	0	0	0	0	0	0	0	0	0	0	0	0	0	0	0	0	0	0	0	0	0
25	0	0	0	0	0	0	0	0	0	0	0	0	0	0	0	0	0	0	0	0	0	0	0	0	0
26	0	0	0	0	0	0	0	0	0	0	0	0	0	0	0	0	0	0	0	0	0	0	0	0	0
27	0	0	0	0	0	0	0	0	0	0	0	0	0	0	0	0	0	0	0	0	0	0	0	0	0
28	0	0	0	0	0	0	0	0	0	0	0	0	0	0	0	0	0	0	0	0	0	0	0	0	0
daily	338	46	4	0	0	0	0	0	0	0	0	0	0	0	0	0	0	0	0	0	0	0	0	0	0

Vehicle Empty Drive Ratio
hour	0.00+	0.05+	0.10+	0.15+	0.20+	0.25+	0.30+	0.35+	0.40+	0.45+	0.50+	0.55+	0.60+	0.65+	0.70+	0.75+	0.80+	0.85+	0.90+	0.95+
6	0	0	1	1	1	0	0	0	0	0	0	1	0	0	0	0	1	0	0	2
7	2	1	1	2	1	2	5	0	0	0	0	1	1	1	1	0	0	0	0	0
8	3	0	2	1	11	3	1	1	1	0	1	0	0	0	0	0	0	0	0	2
9	3	3	5	3	4	3	3	4	1	0	0	0	0	0	0	0	0	0	0	0
10	5	4	8	5	2	3	2	0	0	0	2	0	0	0	0	0	0	0	0	0
11	0	2	3	6	1	2	2	1	0	0	0	0	0	1	0	0	0	0	0	1
12	5	0	2	1	1	0	1	0	0	0	0	0	0	1	0	1	0	0	0	0
13	6	3	2	3	2	0	0	0	0	0	0	0	0	0	0	0	0	0	0	0
14	0	2	7	7	2	0	1	0	0	0	0	2	0	0	0	0	0	0	0	0
15	7	4	9	4	1	0	2	1	1	0	1	0	0	0	0	0	0	0	0	0
16	6	4	9	4	4	4	2	2	1	1	0	0	0	0	0	0	0	0	0	1
17	7	1	2	5	2	2	0	3	0	0	1	2	0	0	0	0	0	0	0	1
18	7	0	2	4	2	1	2	1	1	0	1	0	0	0	0	0	0	0	0	0
19	4	0	3	2	1	2	0	0	0	0	0	0	0	1	0	0	0	0	0	0
20	3	0	0	0	1	0	0	0	0	0	0	0	0	0	0	0	0	0	0	0
21	0	0	0	0	0	0	0	0	0	0	0	0	0	0	0	0	0	0	0	0
22	0	0	0	0	0	0	0	0	0	0	0	0	0	0	0	0	0	0	0	0
23	0	0	0	0	0	0	0	0	0	0	0	0	0	0	0	0	0	0	0	0
24	0	0	0	0	0	0	0	0	0	0	0	0	0	0	0	0	0	0	0	0
25	0	0	0	0	0	0	0	0	0	0	0	0	0	0	0	0	0	0	0	0
26	0	0	0	0	0	0	0	0	0	0	0	0	0	0	0	0	0	0	0	0
27	0	0	0	0	0	0	0	0	0	0	0	0	0	0	0	0	0	0	0	0
28	0	0	0	0	0	0	0	0	0	0	0	0	0	0	0	0	0	0	0	0
daily	0	4	3	24	13	5	1	0	0	0	0	0	0	0	0	0	0	0	0	0

Vehicle Wait Ratio
hour	0.00+	0.05+	0.10+	0.15+	0.20+	0.25+	0.30+	0.35+	0.40+	0.45+	0.50+	0.55+	0.60+	0.65+	0.70+	0.75+	0.80+	0.85+	0.90+	0.95+
6	0	0	0	0	0	0	0	0	0	0	0	0	0	1	0	2	0	1	3	43
7	0	0	0	0	0	0	0	0	0	0	0	0	1	2	1	1	8	2	3	32
8	0	0	0	0	0	0	0	0	1	0	0	1	0	4	2	5	5	6	0	26
9	0	0	0	0	0	0	0	1	0	0	0	1	4	2	4	3	7	5	1	22
10	0	0	0	0	0	0	0	0	0	2	0	2	2	1	4	7	6	4	3	19
11	0	0	0	0	0	0	0	0	0	0	1	1	0	3	2	2	5	3	1	32
12	0	0	0	0	0	0	0	0	0	0	0	0	0	0	1	1	2	4	4	38
13	0	0	0	0	0	0	0	0	0	0	0	0	0	3	0	0	8	3	2	34
14	0	0	0	0	0	0	0	0	0	0	0	0	0	0	4	2	6	8	1	29
15	0	0	0	0	0	0	0	0	0	0	0	0	1	4	1	4	8	8	3	21
16	0	0	0	0	0	0	0	0	0	1	1	0	2	1	5	7	7	10	3	13
17	0	0	0	0	0	0	0	0	0	0	2	2	4	3	0	1	5	6	1	26
18	0	0	0	0	0	0	0	0	0	0	1	1	1	4	2	1	5	4	2	29
19	0	0	0	0	0	1	0	0	0	0	0	0	0	0	0	1	4	4	2	38
20	0	0	0	0	0	0	0	0	0	0	0	0	0	0	0	0	1	0	1	48
21	0	0	0	0	0	0	0	0	0	0	0	0	0	0	0	0	0	0	0	50
22	0	0	0	0	0	0	0	0	0	0	0	0	0	0	0	0	0	0	0	50
23	0	0	0	0	0	0	0	0	0	0	0	0	0	0	0	0	0	0	0	50
24	0	0	0	0	0	0	0	0	0	0	0	0	0	0	0	0	0	0	0	50
25	0	0	0	0	0	0	0	0	0	0	0	0	0	0	0	0	0	0	0	50
26	0	0	0	0	0	0	0	0	0	0	0	0	0	0	0	0	0	0	0	50
27	0	0	0	0	0	0	0	0	0	0	0	0	0	0	0	0	0	0	0	50
28	0	0	0	0	0	0	0	0	0	0	0	0	0	0	0	0	0	0	0	50
daily	0	0	0	0	0	0	0	0	0	0	0	0	0	0	0	0	0	1	31	18

Vehicle Wait Ratio Counts
hour	0.00+	0.01+	0.25+	0.50+	0.75+	1.00+
6	0	0	0	1	6	43
7	0	0	0	4	14	32
8	0	0	1	7	19	23
9	0	0	1	11	17	21
10	0	0	2	9	20	19
11	0	0	0	7	12	31
12	0	0	0	1	11	38
13	0	0	0	3	13	34
14	0	0	0	4	17	29
15	0	0	0	6	24	20
16	0	0	1	9	28	12
17	0	0	0	11	16	23
18	0	0	0	9	12	29
19	0	0	1	0	12	37
20	0	0	0	0	4	46
21	0	0	0	0	0	50
22	0	0	0	0	0	50
23	0	0	0	0	0	50
24	0	0	0	0	0	50
25	0	0	0	0	0	50
26	0	0	0	0	0	50
27	0	0	0	0	0	50
28	0	0	0	0	0	50
daily	0	0	0	0	50	0

