Passenger Wait Time [s]
hour	n	avg	sd		min	2%ile	5%ile	25%ile	50%ile	75%ile	95%ile	98%ile	max
6	8	143.4	99.4		43	43	43	71	129	165	364	364	364
7	20	131.9	62.6		49	49	49	68	131	183	236	237	237
8	39	89.6	54.0		1	1	1	54	88	129	204	230	230
9	40	84.4	48.9		1	1	2	40	86	120	170	210	210
10	41	77.0	75.5		1	1	1	34	61	99	309	358	358
11	28	80.1	42.4		23	23	25	47	78	101	167	176	176
12	8	103.6	63.1		18	18	18	40	116	153	194	194	194
13	17	45.4	28.4		1	1	1	30	40	68	99	99	99
14	25	68.1	45.6		1	1	1	40	64	87	168	168	168
15	36	56.9	42.4		1	1	1	31	56	83	130	201	201
16	48	73.1	58.6		1	1	1	36	63	99	211	287	287
17	39	93.5	91.6		1	1	1	26	76	125	283	411	411
18	24	101.9	82.1		1	1	1	39	92	147	277	285	285
19	15	69.7	64.3		1	1	1	30	60	102	211	211	211
20	0	NaN	NaN		NaN	NaN	NaN	NaN	NaN	NaN	NaN	NaN	NaN
21	0	NaN	NaN		NaN	NaN	NaN	NaN	NaN	NaN	NaN	NaN	NaN
22	0	NaN	NaN		NaN	NaN	NaN	NaN	NaN	NaN	NaN	NaN	NaN
23	0	NaN	NaN		NaN	NaN	NaN	NaN	NaN	NaN	NaN	NaN	NaN
24	0	NaN	NaN		NaN	NaN	NaN	NaN	NaN	NaN	NaN	NaN	NaN
25	0	NaN	NaN		NaN	NaN	NaN	NaN	NaN	NaN	NaN	NaN	NaN
26	0	NaN	NaN		NaN	NaN	NaN	NaN	NaN	NaN	NaN	NaN	NaN
27	0	NaN	NaN		NaN	NaN	NaN	NaN	NaN	NaN	NaN	NaN	NaN
28	0	NaN	NaN		NaN	NaN	NaN	NaN	NaN	NaN	NaN	NaN	NaN
daily	388	82.6	64.9		1	1	1	38	70	113	211	260	411

Vehicle Empty Drive Ratio
hour	fleetAvg	avg	sd		min	2%ile	5%ile	25%ile	50%ile	75%ile	95%ile	98%ile	max
6	0.3829	0.5561	0.3785		0.136	0.136	0.136	0.180	0.559	0.962	1.000	1.000	1.000
7	0.2974	0.3144	0.2178		0.000	0.000	0.000	0.180	0.297	0.403	0.749	0.749	0.749
8	0.2248	0.2826	0.2417		0.000	0.000	0.000	0.201	0.236	0.288	1.000	1.000	1.000
9	0.2108	0.2110	0.1217		0.000	0.000	0.000	0.117	0.224	0.329	0.405	0.417	0.417
10	0.1692	0.1692	0.1317		0.000	0.000	0.000	0.087	0.139	0.235	0.519	0.537	0.537
11	0.2132	0.2659	0.2277		0.056	0.056	0.056	0.150	0.179	0.305	1.000	1.000	1.000
12	0.1883	0.2053	0.2671		0.000	0.000	0.000	0.000	0.114	0.304	0.785	0.785	0.785
13	0.1014	0.0909	0.0835		0.000	0.000	0.000	0.000	0.083	0.164	0.226	0.226	0.226
14	0.1901	0.2040	0.1363		0.065	0.065	0.068	0.130	0.175	0.200	0.588	0.591	0.591
15	0.1431	0.1490	0.1317		0.000	0.000	0.000	0.060	0.123	0.182	0.484	0.542	0.542
16	0.1758	0.1945	0.1822		0.000	0.000	0.000	0.085	0.155	0.252	0.486	1.000	1.000
17	0.2216	0.2344	0.2351		0.000	0.000	0.000	0.048	0.186	0.365	0.854	1.000	1.000
18	0.2033	0.1725	0.1583		0.000	0.000	0.000	0.000	0.164	0.278	0.517	0.525	0.525
19	0.1671	0.1678	0.1807		0.000	0.000	0.000	0.000	0.136	0.256	0.664	0.664	0.664
20	0.1264	0.0615	0.1230		0.000	0.000	0.000	0.000	0.000	0.184	0.246	0.246	0.246
21	NaN	NaN	NaN		NaN	NaN	NaN	NaN	NaN	NaN	NaN	NaN	NaN
22	NaN	NaN	NaN		NaN	NaN	NaN	NaN	NaN	NaN	NaN	NaN	NaN
23	NaN	NaN	NaN		NaN	NaN	NaN	NaN	NaN	NaN	NaN	NaN	NaN
24	NaN	NaN	NaN		NaN	NaN	NaN	NaN	NaN	NaN	NaN	NaN	NaN
25	NaN	NaN	NaN		NaN	NaN	NaN	NaN	NaN	NaN	NaN	NaN	NaN
26	NaN	NaN	NaN		NaN	NaN	NaN	NaN	NaN	NaN	NaN	NaN	NaN
27	NaN	NaN	NaN		NaN	NaN	NaN	NaN	NaN	NaN	NaN	NaN	NaN
28	NaN	NaN	NaN		NaN	NaN	NaN	NaN	NaN	NaN	NaN	NaN	NaN
daily	0.1969	0.1923	0.0497		0.058	0.059	0.089	0.166	0.190	0.227	0.280	0.309	0.309

Vehicle Wait Ratio
hour	fleetAvg	avg	sd		min	2%ile	5%ile	25%ile	50%ile	75%ile	95%ile	98%ile	max
6	0.9773	0.9773	0.0666		0.683	0.684	0.770	1.000	1.000	1.000	1.000	1.000	1.000
7	0.9311	0.9311	0.1056		0.642	0.642	0.670	0.845	1.000	1.000	1.000	1.000	1.000
8	0.8884	0.8884	0.1374		0.436	0.439	0.629	0.796	0.984	1.000	1.000	1.000	1.000
9	0.8617	0.8617	0.1536		0.362	0.367	0.595	0.755	0.878	1.000	1.000	1.000	1.000
10	0.8527	0.8527	0.1480		0.476	0.477	0.542	0.757	0.874	1.000	1.000	1.000	1.000
11	0.9154	0.9154	0.1310		0.519	0.520	0.618	0.839	1.000	1.000	1.000	1.000	1.000
12	0.9665	0.9665	0.0679		0.717	0.717	0.799	0.983	1.000	1.000	1.000	1.000	1.000
13	0.9432	0.9432	0.0943		0.672	0.672	0.682	0.868	1.000	1.000	1.000	1.000	1.000
14	0.9253	0.9253	0.0972		0.702	0.702	0.721	0.850	1.000	1.000	1.000	1.000	1.000
15	0.8877	0.8877	0.1147		0.624	0.624	0.653	0.807	0.894	1.000	1.000	1.000	1.000
16	0.8430	0.8430	0.1272		0.474	0.475	0.578	0.770	0.851	0.977	1.000	1.000	1.000
17	0.8766	0.8766	0.1571		0.519	0.519	0.541	0.804	0.978	1.000	1.000	1.000	1.000
18	0.9013	0.9013	0.1373		0.524	0.526	0.607	0.818	1.000	1.000	1.000	1.000	1.000
19	0.9544	0.9544	0.1163		0.264	0.275	0.808	0.952	1.000	1.000	1.000	1.000	1.000
20	0.9940	0.9940	0.0256		0.847	0.848	0.943	1.000	1.000	1.000	1.000	1.000	1.000
21	1.0000	1.0000	0.0000		1.000	1.000	1.000	1.000	1.000	1.000	1.000	1.000	1.000
22	1.0000	1.0000	0.0000		1.000	1.000	1.000	1.000	1.000	1.000	1.000	1.000	1.000
23	1.0000	1.0000	0.0000		1.000	1.000	1.000	1.000	1.000	1.000	1.000	1.000	1.000
24	1.0000	1.0000	0.0000		1.000	1.000	1.000	1.000	1.000	1.000	1.000	1.000	1.000
25	1.0000	1.0000	0.0000		1.000	1.000	1.000	1.000	1.000	1.000	1.000	1.000	1.000
26	1.0000	1.0000	0.0000		1.000	1.000	1.000	1.000	1.000	1.000	1.000	1.000	1.000
27	1.0000	1.0000	0.0000		1.000	1.000	1.000	1.000	1.000	1.000	1.000	1.000	1.000
28	1.0000	1.0000	0.0000		1.000	1.000	1.000	1.000	1.000	1.000	1.000	1.000	1.000
daily	0.9443	0.9443	0.0233		0.871	0.872	0.901	0.933	0.946	0.958	0.985	0.988	0.988

Total duration of tasks by type [h]
hour	EMPTY_DRIVE	PICKUP	OCCUPIED_DRIVE	DROPOFF	STAY	all
6	0.32	0.26	0.51	0.05	48.87	50.00
7	0.73	0.68	1.72	0.32	46.56	50.00
8	0.87	1.14	2.99	0.59	44.42	50.00
9	1.00	1.42	3.76	0.73	43.08	50.00
10	0.88	1.43	4.33	0.72	42.63	50.00
11	0.62	0.93	2.27	0.42	45.77	50.00
12	0.23	0.28	0.98	0.18	48.33	50.00
13	0.20	0.53	1.80	0.30	47.16	50.00
14	0.47	0.86	2.01	0.39	46.27	50.00
15	0.56	1.17	3.34	0.55	44.39	50.00
16	0.96	1.59	4.51	0.79	42.15	50.00
17	0.95	1.24	3.35	0.63	43.83	50.00
18	0.72	0.90	2.83	0.48	45.06	50.00
19	0.26	0.47	1.30	0.25	47.72	50.00
20	0.03	0.03	0.17	0.07	49.70	50.00
21	0.00	0.00	0.00	0.00	50.00	50.00
22	0.00	0.00	0.00	0.00	50.00	50.00
23	0.00	0.00	0.00	0.00	50.00	50.00
24	0.00	0.00	0.00	0.00	50.00	50.00
25	0.00	0.00	0.00	0.00	50.00	50.00
26	0.00	0.00	0.00	0.00	50.00	50.00
27	0.00	0.00	0.00	0.00	50.00	50.00
28	0.00	0.00	0.00	0.00	50.00	50.00
daily	8.80	12.93	35.88	6.47	1085.93	1150.00

