Passenger Wait Time [s]
hour	n	avg	sd		min	2%ile	5%ile	25%ile	50%ile	75%ile	95%ile	98%ile	max
6	37	117.2	74.1		4	4	7	69	122	153	268	371	371
7	102	207.2	116.8		24	32	48	122	185	271	441	537	580
8	147	576.2	1162.8		2	38	76	174	285	513	2448	4228	11577
9	189	1409.0	2034.5		81	101	115	254	448	1611	6470	8792	9631
10	157	1437.1	1664.9		20	59	90	293	713	2035	5482	6374	7372
11	114	745.8	844.5		46	77	98	189	355	1005	2554	3304	4127
12	60	278.5	340.8		2	4	11	88	159	313	1289	1528	1541
13	52	125.4	70.9		8	8	13	76	114	180	256	299	299
14	110	228.3	145.5		3	12	47	123	209	284	519	724	826
15	163	957.1	2313.4		37	51	85	204	356	651	4067	12860	16196
16	208	2211.8	3227.0		21	61	98	259	711	2364	10257	11530	12793
17	141	1280.4	2035.3		50	74	111	197	406	1339	6898	8496	8911
18	111	683.4	1135.1		59	59	77	175	295	504	3663	5280	5788
19	49	292.8	189.2		52	52	81	151	242	430	679	923	923
20	0	NaN	NaN		NaN	NaN	NaN	NaN	NaN	NaN	NaN	NaN	NaN
21	0	NaN	NaN		NaN	NaN	NaN	NaN	NaN	NaN	NaN	NaN	NaN
22	0	NaN	NaN		NaN	NaN	NaN	NaN	NaN	NaN	NaN	NaN	NaN
23	0	NaN	NaN		NaN	NaN	NaN	NaN	NaN	NaN	NaN	NaN	NaN
24	0	NaN	NaN		NaN	NaN	NaN	NaN	NaN	NaN	NaN	NaN	NaN
25	0	NaN	NaN		NaN	NaN	NaN	NaN	NaN	NaN	NaN	NaN	NaN
26	0	NaN	NaN		NaN	NaN	NaN	NaN	NaN	NaN	NaN	NaN	NaN
27	0	NaN	NaN		NaN	NaN	NaN	NaN	NaN	NaN	NaN	NaN	NaN
28	0	NaN	NaN		NaN	NaN	NaN	NaN	NaN	NaN	NaN	NaN	NaN
daily	1640	989.2	1901.0		2	44	72	170	308	780	4890	8402	16196

Vehicle Empty Drive Ratio
hour	fleetAvg	avg	sd		min	2%ile	5%ile	25%ile	50%ile	75%ile	95%ile	98%ile	max
6	0.2544	0.3107	0.2389		0.102	0.102	0.103	0.206	0.238	0.300	0.996	1.000	1.000
7	0.3889	0.3933	0.1019		0.181	0.181	0.211	0.326	0.374	0.449	0.619	0.630	0.630
8	0.3400	0.3396	0.0754		0.173	0.173	0.177	0.300	0.354	0.376	0.489	0.506	0.506
9	0.2480	0.2483	0.0746		0.062	0.062	0.087	0.193	0.259	0.297	0.390	0.404	0.404
10	0.1906	0.1903	0.0657		0.074	0.074	0.087	0.126	0.183	0.249	0.298	0.301	0.301
11	0.2876	0.2868	0.0617		0.156	0.156	0.165	0.253	0.287	0.315	0.414	0.428	0.428
12	0.3384	0.3405	0.0975		0.093	0.093	0.120	0.287	0.335	0.402	0.532	0.533	0.533
13	0.2590	0.2857	0.2037		0.000	0.000	0.012	0.160	0.250	0.314	0.923	1.000	1.000
14	0.3705	0.3722	0.0686		0.268	0.268	0.270	0.332	0.357	0.410	0.523	0.532	0.532
15	0.3504	0.3508	0.0830		0.215	0.215	0.215	0.283	0.339	0.428	0.468	0.470	0.470
16	0.1922	0.1931	0.0633		0.102	0.102	0.103	0.133	0.206	0.240	0.322	0.333	0.333
17	0.2337	0.2340	0.0746		0.060	0.060	0.075	0.194	0.218	0.295	0.365	0.370	0.370
18	0.3189	0.3200	0.0775		0.173	0.173	0.183	0.264	0.322	0.384	0.466	0.469	0.469
19	0.4256	0.4247	0.0580		0.309	0.309	0.319	0.380	0.430	0.469	0.529	0.530	0.530
20	0.1038	0.0325	0.1079		0.000	0.000	0.000	0.000	0.000	0.000	0.358	0.358	0.358
21	NaN	NaN	NaN		NaN	NaN	NaN	NaN	NaN	NaN	NaN	NaN	NaN
22	NaN	NaN	NaN		NaN	NaN	NaN	NaN	NaN	NaN	NaN	NaN	NaN
23	NaN	NaN	NaN		NaN	NaN	NaN	NaN	NaN	NaN	NaN	NaN	NaN
24	NaN	NaN	NaN		NaN	NaN	NaN	NaN	NaN	NaN	NaN	NaN	NaN
25	NaN	NaN	NaN		NaN	NaN	NaN	NaN	NaN	NaN	NaN	NaN	NaN
26	NaN	NaN	NaN		NaN	NaN	NaN	NaN	NaN	NaN	NaN	NaN	NaN
27	NaN	NaN	NaN		NaN	NaN	NaN	NaN	NaN	NaN	NaN	NaN	NaN
28	NaN	NaN	NaN		NaN	NaN	NaN	NaN	NaN	NaN	NaN	NaN	NaN
daily	0.3024	0.3024	0.0215		0.260	0.260	0.264	0.286	0.303	0.317	0.345	0.346	0.346

Vehicle Wait Ratio
hour	fleetAvg	avg	sd		min	2%ile	5%ile	25%ile	50%ile	75%ile	95%ile	98%ile	max
6	0.7534	0.7534	0.1572		0.467	0.467	0.482	0.638	0.720	0.893	1.000	1.000	1.000
7	0.2678	0.2678	0.1183		0.081	0.081	0.083	0.190	0.240	0.363	0.488	0.501	0.501
8	0.0276	0.0276	0.0313		0.000	0.000	0.000	0.000	0.019	0.043	0.102	0.106	0.106
9	0.0000	0.0000	0.0000		0.000	0.000	0.000	0.000	0.000	0.000	0.000	0.000	0.000
10	0.0000	0.0000	0.0000		0.000	0.000	0.000	0.000	0.000	0.000	0.000	0.000	0.000
11	0.0000	0.0000	0.0000		0.000	0.000	0.000	0.000	0.000	0.000	0.000	0.000	0.000
12	0.1834	0.1834	0.0973		0.016	0.016	0.023	0.098	0.207	0.260	0.377	0.395	0.395
13	0.6397	0.6397	0.2184		0.228	0.228	0.242	0.506	0.651	0.840	1.000	1.000	1.000
14	0.2190	0.2190	0.1275		0.040	0.040	0.042	0.118	0.193	0.345	0.484	0.528	0.528
15	0.0003	0.0003	0.0013		0.000	0.000	0.000	0.000	0.000	0.000	0.004	0.006	0.006
16	0.0000	0.0000	0.0000		0.000	0.000	0.000	0.000	0.000	0.000	0.000	0.000	0.000
17	0.0000	0.0000	0.0000		0.000	0.000	0.000	0.000	0.000	0.000	0.000	0.000	0.000
18	0.0000	0.0000	0.0000		0.000	0.000	0.000	0.000	0.000	0.000	0.000	0.000	0.000
19	0.0343	0.0343	0.0415		0.000	0.000	0.000	0.000	0.024	0.043	0.132	0.133	0.133
20	0.9612	0.9612	0.0609		0.739	0.739	0.782	0.930	0.998	1.000	1.000	1.000	1.000
21	1.0000	1.0000	0.0000		1.000	1.000	1.000	1.000	1.000	1.000	1.000	1.000	1.000
22	1.0000	1.0000	0.0000		1.000	1.000	1.000	1.000	1.000	1.000	1.000	1.000	1.000
23	1.0000	1.0000	0.0000		1.000	1.000	1.000	1.000	1.000	1.000	1.000	1.000	1.000
24	1.0000	1.0000	0.0000		1.000	1.000	1.000	1.000	1.000	1.000	1.000	1.000	1.000
25	1.0000	1.0000	0.0000		1.000	1.000	1.000	1.000	1.000	1.000	1.000	1.000	1.000
26	1.0000	1.0000	0.0000		1.000	1.000	1.000	1.000	1.000	1.000	1.000	1.000	1.000
27	1.0000	1.0000	0.0000		1.000	1.000	1.000	1.000	1.000	1.000	1.000	1.000	1.000
28	1.0000	1.0000	0.0000		1.000	1.000	1.000	1.000	1.000	1.000	1.000	1.000	1.000
daily	0.4820	0.4820	0.0150		0.446	0.446	0.448	0.476	0.484	0.489	0.507	0.507	0.507

Total duration of tasks by type [h]
hour	EMPTY_DRIVE	PICKUP	OCCUPIED_DRIVE	DROPOFF	STAY	all
6	1.14	1.19	3.34	0.50	18.83	25.00
7	5.28	3.22	8.29	1.52	6.70	25.00
8	6.16	4.18	11.96	2.01	0.69	25.00
9	4.27	5.23	12.95	2.55	0.00	25.00
10	3.34	4.98	14.19	2.49	0.00	25.00
11	5.14	4.71	12.74	2.40	0.00	25.00
12	5.18	3.32	10.13	1.78	4.58	25.00
13	1.65	1.66	4.73	0.96	15.99	25.00
14	5.38	3.50	9.14	1.51	5.48	25.00
15	6.36	4.58	11.80	2.26	0.01	25.00
16	3.29	5.25	13.83	2.63	0.00	25.00
17	4.12	4.91	13.50	2.48	0.00	25.00
18	5.85	4.44	12.49	2.22	0.00	25.00
19	8.03	3.44	10.84	1.83	0.86	25.00
20	0.08	0.06	0.65	0.19	24.03	25.00
21	0.00	0.00	0.00	0.00	25.00	25.00
22	0.00	0.00	0.00	0.00	25.00	25.00
23	0.00	0.00	0.00	0.00	25.00	25.00
24	0.00	0.00	0.00	0.00	25.00	25.00
25	0.00	0.00	0.00	0.00	25.00	25.00
26	0.00	0.00	0.00	0.00	25.00	25.00
27	0.00	0.00	0.00	0.00	25.00	25.00
28	0.00	0.00	0.00	0.00	25.00	25.00
daily	65.27	54.67	150.57	27.33	277.17	575.00

