Passenger Wait Time [s]
hour	n	avg	sd		min	2%ile	5%ile	25%ile	50%ile	75%ile	95%ile	98%ile	max
6	19	132.5	76.0		1	1	1	85	126	165	328	328	328
7	47	110.6	85.0		1	1	1	59	78	165	231	452	452
8	75	94.0	68.2		1	1	1	43	76	134	236	279	280
9	91	122.4	92.1		1	1	6	47	106	171	313	412	459
10	79	148.8	120.1		1	1	1	64	113	213	413	491	505
11	49	125.9	86.3		1	1	25	67	108	175	255	524	524
12	23	105.9	80.2		1	1	1	28	115	156	277	277	277
13	32	75.6	47.8		1	1	1	37	72	113	180	207	207
14	56	71.8	49.6		1	1	1	37	72	100	167	220	228
15	80	89.4	76.3		1	1	1	34	73	126	253	322	363
16	99	119.6	96.4		1	1	1	37	96	182	292	435	452
17	78	112.0	96.1		1	1	1	44	89	169	312	358	411
18	54	119.4	90.6		1	1	1	45	101	169	329	342	342
19	20	82.1	72.7		1	1	1	30	66	107	294	299	299
20	0	NaN	NaN		NaN	NaN	NaN	NaN	NaN	NaN	NaN	NaN	NaN
21	0	NaN	NaN		NaN	NaN	NaN	NaN	NaN	NaN	NaN	NaN	NaN
22	0	NaN	NaN		NaN	NaN	NaN	NaN	NaN	NaN	NaN	NaN	NaN
23	0	NaN	NaN		NaN	NaN	NaN	NaN	NaN	NaN	NaN	NaN	NaN
24	0	NaN	NaN		NaN	NaN	NaN	NaN	NaN	NaN	NaN	NaN	NaN
25	0	NaN	NaN		NaN	NaN	NaN	NaN	NaN	NaN	NaN	NaN	NaN
26	0	NaN	NaN		NaN	NaN	NaN	NaN	NaN	NaN	NaN	NaN	NaN
27	0	NaN	NaN		NaN	NaN	NaN	NaN	NaN	NaN	NaN	NaN	NaN
28	0	NaN	NaN		NaN	NaN	NaN	NaN	NaN	NaN	NaN	NaN	NaN
daily	802	110.4	89.0		1	1	1	44	93	156	280	370	524

Vehicle Empty Drive Ratio
hour	fleetAvg	avg	sd		min	2%ile	5%ile	25%ile	50%ile	75%ile	95%ile	98%ile	max
6	0.3283	0.4178	0.3188		0.000	0.000	0.000	0.231	0.306	0.614	1.000	1.000	1.000
7	0.2784	0.3077	0.2211		0.000	0.000	0.000	0.133	0.287	0.404	0.779	0.824	0.824
8	0.2097	0.2501	0.2013		0.000	0.000	0.000	0.142	0.227	0.302	0.941	1.000	1.000
9	0.2761	0.2545	0.1123		0.000	0.000	0.000	0.188	0.264	0.334	0.427	0.501	0.501
10	0.2940	0.2868	0.1432		0.000	0.000	0.021	0.209	0.278	0.387	0.533	0.625	0.625
11	0.2817	0.3661	0.3104		0.000	0.000	0.000	0.171	0.274	0.423	1.000	1.000	1.000
12	0.2319	0.2238	0.1646		0.000	0.000	0.000	0.100	0.226	0.374	0.528	0.549	0.549
13	0.1724	0.1978	0.1954		0.000	0.000	0.000	0.078	0.187	0.249	0.805	1.000	1.000
14	0.1877	0.1853	0.1154		0.000	0.000	0.000	0.110	0.179	0.252	0.378	0.566	0.566
15	0.2296	0.2542	0.2452		0.000	0.000	0.000	0.111	0.177	0.359	0.932	1.000	1.000
16	0.2576	0.2402	0.1752		0.000	0.000	0.000	0.135	0.238	0.303	0.556	1.000	1.000
17	0.2485	0.2645	0.1994		0.000	0.000	0.000	0.122	0.228	0.360	0.699	1.000	1.000
18	0.2498	0.2142	0.1410		0.000	0.000	0.000	0.108	0.236	0.317	0.435	0.484	0.484
19	0.1717	0.1470	0.1423		0.000	0.000	0.000	0.000	0.129	0.252	0.474	0.474	0.474
20	0.1583	0.0782	0.1748		0.000	0.000	0.000	0.000	0.000	0.195	0.391	0.391	0.391
21	NaN	NaN	NaN		NaN	NaN	NaN	NaN	NaN	NaN	NaN	NaN	NaN
22	NaN	NaN	NaN		NaN	NaN	NaN	NaN	NaN	NaN	NaN	NaN	NaN
23	NaN	NaN	NaN		NaN	NaN	NaN	NaN	NaN	NaN	NaN	NaN	NaN
24	NaN	NaN	NaN		NaN	NaN	NaN	NaN	NaN	NaN	NaN	NaN	NaN
25	NaN	NaN	NaN		NaN	NaN	NaN	NaN	NaN	NaN	NaN	NaN	NaN
26	NaN	NaN	NaN		NaN	NaN	NaN	NaN	NaN	NaN	NaN	NaN	NaN
27	NaN	NaN	NaN		NaN	NaN	NaN	NaN	NaN	NaN	NaN	NaN	NaN
28	NaN	NaN	NaN		NaN	NaN	NaN	NaN	NaN	NaN	NaN	NaN	NaN
daily	0.2489	0.2457	0.0480		0.112	0.112	0.165	0.213	0.242	0.277	0.338	0.357	0.357

Vehicle Wait Ratio
hour	fleetAvg	avg	sd		min	2%ile	5%ile	25%ile	50%ile	75%ile	95%ile	98%ile	max
6	0.9417	0.9417	0.0955		0.642	0.642	0.720	0.863	1.000	1.000	1.000	1.000	1.000
7	0.8516	0.8516	0.1513		0.463	0.465	0.543	0.751	0.872	1.000	1.000	1.000	1.000
8	0.7544	0.7544	0.1956		0.317	0.317	0.351	0.632	0.795	0.899	1.000	1.000	1.000
9	0.6821	0.6821	0.2258		0.215	0.216	0.284	0.498	0.703	0.828	1.000	1.000	1.000
10	0.6953	0.6953	0.2706		0.224	0.225	0.263	0.478	0.680	1.000	1.000	1.000	1.000
11	0.8430	0.8430	0.2317		0.231	0.233	0.319	0.754	1.000	1.000	1.000	1.000	1.000
12	0.9009	0.9009	0.1253		0.562	0.563	0.617	0.812	1.000	1.000	1.000	1.000	1.000
13	0.8971	0.8971	0.1277		0.579	0.581	0.666	0.813	0.998	1.000	1.000	1.000	1.000
14	0.8200	0.8200	0.1496		0.492	0.493	0.536	0.700	0.819	1.000	1.000	1.000	1.000
15	0.7547	0.7547	0.1595		0.380	0.381	0.455	0.673	0.786	0.853	1.000	1.000	1.000
16	0.6499	0.6499	0.2073		0.252	0.252	0.288	0.500	0.661	0.833	1.000	1.000	1.000
17	0.7397	0.7397	0.2044		0.336	0.336	0.372	0.540	0.773	0.962	1.000	1.000	1.000
18	0.7854	0.7854	0.1981		0.312	0.312	0.372	0.667	0.793	1.000	1.000	1.000	1.000
19	0.9327	0.9327	0.1365		0.195	0.205	0.706	0.886	1.000	1.000	1.000	1.000	1.000
20	0.9912	0.9912	0.0322		0.823	0.824	0.897	1.000	1.000	1.000	1.000	1.000	1.000
21	1.0000	1.0000	0.0000		1.000	1.000	1.000	1.000	1.000	1.000	1.000	1.000	1.000
22	1.0000	1.0000	0.0000		1.000	1.000	1.000	1.000	1.000	1.000	1.000	1.000	1.000
23	1.0000	1.0000	0.0000		1.000	1.000	1.000	1.000	1.000	1.000	1.000	1.000	1.000
24	1.0000	1.0000	0.0000		1.000	1.000	1.000	1.000	1.000	1.000	1.000	1.000	1.000
25	1.0000	1.0000	0.0000		1.000	1.000	1.000	1.000	1.000	1.000	1.000	1.000	1.000
26	1.0000	1.0000	0.0000		1.000	1.000	1.000	1.000	1.000	1.000	1.000	1.000	1.000
27	1.0000	1.0000	0.0000		1.000	1.000	1.000	1.000	1.000	1.000	1.000	1.000	1.000
28	1.0000	1.0000	0.0000		1.000	1.000	1.000	1.000	1.000	1.000	1.000	1.000	1.000
daily	0.8800	0.8800	0.0320		0.776	0.777	0.833	0.857	0.878	0.908	0.923	0.939	0.940

Total duration of tasks by type [h]
hour	EMPTY_DRIVE	PICKUP	OCCUPIED_DRIVE	DROPOFF	STAY	all
6	0.69	0.59	1.42	0.22	47.09	50.00
7	1.43	1.55	3.72	0.72	42.58	50.00
8	1.82	2.37	6.87	1.21	37.72	50.00
9	3.11	3.11	8.17	1.50	34.11	50.00
10	3.29	2.68	7.90	1.37	34.77	50.00
11	1.56	1.54	3.98	0.77	42.15	50.00
12	0.82	0.88	2.72	0.53	45.04	50.00
13	0.62	1.03	2.96	0.54	44.86	50.00
14	1.16	1.92	5.03	0.90	41.00	50.00
15	1.95	2.58	6.56	1.17	37.74	50.00
16	3.22	3.31	9.27	1.71	32.50	50.00
17	2.30	2.49	6.96	1.26	36.98	50.00
18	1.93	1.98	5.80	1.01	39.27	50.00
19	0.40	0.66	1.93	0.38	46.63	50.00
20	0.05	0.03	0.26	0.09	49.56	50.00
21	0.00	0.00	0.00	0.00	50.00	50.00
22	0.00	0.00	0.00	0.00	50.00	50.00
23	0.00	0.00	0.00	0.00	50.00	50.00
24	0.00	0.00	0.00	0.00	50.00	50.00
25	0.00	0.00	0.00	0.00	50.00	50.00
26	0.00	0.00	0.00	0.00	50.00	50.00
27	0.00	0.00	0.00	0.00	50.00	50.00
28	0.00	0.00	0.00	0.00	50.00	50.00
daily	24.37	26.73	73.55	13.37	1011.99	1150.00

