Passenger Wait Time [s]
hour	n	avg	sd		min	2%ile	5%ile	25%ile	50%ile	75%ile	95%ile	98%ile	max
6	37	113.6	74.0		1	1	1	66	114	148	261	364	364
7	102	212.9	133.0		19	25	38	104	195	296	473	587	652
8	147	550.3	1085.8		5	39	65	191	309	518	2160	3291	11553
9	189	1492.8	2229.3		8	57	74	227	600	1731	7976	9406	11273
10	157	1336.0	1468.5		14	56	81	300	844	1764	4599	6298	6938
11	114	732.6	849.6		52	55	77	209	374	875	2854	3589	4144
12	60	303.9	320.3		1	1	15	101	197	357	1201	1354	1361
13	52	113.7	64.6		1	1	10	66	102	165	225	248	249
14	110	253.7	203.3		1	8	50	149	225	308	530	708	1830
15	163	919.7	2239.7		4	72	112	202	323	652	3383	11989	16432
16	208	2313.4	3288.7		4	39	88	276	777	2460	10277	11794	12661
17	141	1290.3	2163.6		46	75	101	193	379	1050	7343	8977	9053
18	111	775.6	1259.3		47	66	91	187	296	632	4445	5624	6179
19	49	339.9	217.7		79	79	134	193	269	433	972	995	995
20	0	NaN	NaN		NaN	NaN	NaN	NaN	NaN	NaN	NaN	NaN	NaN
21	0	NaN	NaN		NaN	NaN	NaN	NaN	NaN	NaN	NaN	NaN	NaN
22	0	NaN	NaN		NaN	NaN	NaN	NaN	NaN	NaN	NaN	NaN	NaN
23	0	NaN	NaN		NaN	NaN	NaN	NaN	NaN	NaN	NaN	NaN	NaN
24	0	NaN	NaN		NaN	NaN	NaN	NaN	NaN	NaN	NaN	NaN	NaN
25	0	NaN	NaN		NaN	NaN	NaN	NaN	NaN	NaN	NaN	NaN	NaN
26	0	NaN	NaN		NaN	NaN	NaN	NaN	NaN	NaN	NaN	NaN	NaN
27	0	NaN	NaN		NaN	NaN	NaN	NaN	NaN	NaN	NaN	NaN	NaN
28	0	NaN	NaN		NaN	NaN	NaN	NaN	NaN	NaN	NaN	NaN	NaN
daily	1640	1006.1	1936.2		1	38	64	178	314	838	5116	8628	16432

Vehicle Empty Drive Ratio
hour	fleetAvg	avg	sd		min	2%ile	5%ile	25%ile	50%ile	75%ile	95%ile	98%ile	max
6	0.2563	0.2825	0.1956		0.102	0.102	0.103	0.192	0.234	0.299	0.951	1.000	1.000
7	0.4131	0.4179	0.0893		0.188	0.188	0.216	0.349	0.432	0.458	0.593	0.608	0.608
8	0.3534	0.3535	0.0770		0.210	0.210	0.223	0.290	0.357	0.416	0.486	0.491	0.491
9	0.2518	0.2525	0.0704		0.115	0.115	0.126	0.198	0.245	0.318	0.369	0.375	0.375
10	0.1814	0.1824	0.0545		0.075	0.075	0.087	0.138	0.175	0.216	0.296	0.304	0.304
11	0.2872	0.2872	0.0666		0.164	0.164	0.167	0.238	0.276	0.350	0.401	0.405	0.405
12	0.3629	0.3578	0.1040		0.060	0.060	0.104	0.305	0.359	0.435	0.527	0.537	0.537
13	0.2469	0.2497	0.1255		0.000	0.000	0.026	0.165	0.250	0.290	0.580	0.615	0.615
14	0.4003	0.4013	0.0756		0.221	0.221	0.234	0.357	0.414	0.455	0.518	0.521	0.521
15	0.3506	0.3516	0.0902		0.138	0.138	0.154	0.299	0.354	0.419	0.529	0.553	0.553
16	0.1998	0.2004	0.0679		0.066	0.066	0.075	0.141	0.205	0.258	0.313	0.320	0.320
17	0.2346	0.2340	0.0574		0.107	0.107	0.121	0.187	0.234	0.278	0.339	0.349	0.349
18	0.3276	0.3286	0.0730		0.205	0.205	0.215	0.268	0.331	0.381	0.485	0.506	0.506
19	0.4392	0.4387	0.0677		0.276	0.276	0.291	0.389	0.444	0.494	0.538	0.541	0.541
20	0.1631	0.0719	0.1612		0.000	0.000	0.000	0.000	0.000	0.000	0.498	0.498	0.498
21	NaN	NaN	NaN		NaN	NaN	NaN	NaN	NaN	NaN	NaN	NaN	NaN
22	NaN	NaN	NaN		NaN	NaN	NaN	NaN	NaN	NaN	NaN	NaN	NaN
23	NaN	NaN	NaN		NaN	NaN	NaN	NaN	NaN	NaN	NaN	NaN	NaN
24	NaN	NaN	NaN		NaN	NaN	NaN	NaN	NaN	NaN	NaN	NaN	NaN
25	NaN	NaN	NaN		NaN	NaN	NaN	NaN	NaN	NaN	NaN	NaN	NaN
26	NaN	NaN	NaN		NaN	NaN	NaN	NaN	NaN	NaN	NaN	NaN	NaN
27	NaN	NaN	NaN		NaN	NaN	NaN	NaN	NaN	NaN	NaN	NaN	NaN
28	NaN	NaN	NaN		NaN	NaN	NaN	NaN	NaN	NaN	NaN	NaN	NaN
daily	0.3117	0.3120	0.0250		0.253	0.253	0.256	0.297	0.315	0.330	0.350	0.353	0.353

Vehicle Wait Ratio
hour	fleetAvg	avg	sd		min	2%ile	5%ile	25%ile	50%ile	75%ile	95%ile	98%ile	max
6	0.7530	0.7530	0.1522		0.464	0.464	0.480	0.656	0.724	0.849	1.000	1.000	1.000
7	0.2466	0.2466	0.1153		0.102	0.102	0.103	0.164	0.212	0.305	0.513	0.526	0.526
8	0.0138	0.0138	0.0189		0.001	0.001	0.001	0.001	0.003	0.025	0.056	0.056	0.056
9	0.0017	0.0017	0.0002		0.001	0.001	0.001	0.002	0.002	0.002	0.002	0.002	0.002
10	0.0017	0.0017	0.0002		0.001	0.001	0.001	0.002	0.002	0.002	0.002	0.002	0.002
11	0.0015	0.0015	0.0002		0.001	0.001	0.001	0.001	0.002	0.002	0.002	0.002	0.002
12	0.1612	0.1612	0.1016		0.002	0.002	0.009	0.080	0.150	0.239	0.376	0.384	0.384
13	0.6393	0.6393	0.1895		0.148	0.148	0.211	0.538	0.636	0.800	0.964	1.000	1.000
14	0.1964	0.1964	0.1087		0.060	0.060	0.067	0.117	0.173	0.253	0.482	0.523	0.523
15	0.0015	0.0015	0.0002		0.001	0.001	0.001	0.001	0.001	0.002	0.002	0.002	0.002
16	0.0018	0.0018	0.0002		0.001	0.001	0.001	0.002	0.002	0.002	0.002	0.002	0.002
17	0.0016	0.0016	0.0002		0.001	0.001	0.001	0.001	0.002	0.002	0.002	0.002	0.002
18	0.0015	0.0015	0.0002		0.001	0.001	0.001	0.001	0.001	0.002	0.002	0.002	0.002
19	0.0135	0.0135	0.0194		0.001	0.001	0.001	0.001	0.002	0.020	0.063	0.066	0.066
20	0.9327	0.9327	0.0751		0.723	0.723	0.745	0.891	0.949	1.000	1.000	1.000	1.000
21	1.0000	1.0000	0.0000		1.000	1.000	1.000	1.000	1.000	1.000	1.000	1.000	1.000
22	1.0000	1.0000	0.0000		1.000	1.000	1.000	1.000	1.000	1.000	1.000	1.000	1.000
23	1.0000	1.0000	0.0000		1.000	1.000	1.000	1.000	1.000	1.000	1.000	1.000	1.000
24	1.0000	1.0000	0.0000		1.000	1.000	1.000	1.000	1.000	1.000	1.000	1.000	1.000
25	1.0000	1.0000	0.0000		1.000	1.000	1.000	1.000	1.000	1.000	1.000	1.000	1.000
26	1.0000	1.0000	0.0000		1.000	1.000	1.000	1.000	1.000	1.000	1.000	1.000	1.000
27	1.0000	1.0000	0.0000		1.000	1.000	1.000	1.000	1.000	1.000	1.000	1.000	1.000
28	1.0000	1.0000	0.0000		1.000	1.000	1.000	1.000	1.000	1.000	1.000	1.000	1.000
daily	0.4769	0.4769	0.0176		0.449	0.449	0.451	0.462	0.473	0.492	0.514	0.517	0.517

Total duration of tasks by type [h]
hour	EMPTY_DRIVE	PICKUP	OCCUPIED_DRIVE	DROPOFF	STAY	all
6	1.15	1.18	3.34	0.50	18.82	25.00
7	5.84	3.19	8.30	1.51	6.16	25.00
8	6.48	4.29	11.86	2.03	0.35	25.00
9	4.36	5.14	12.94	2.52	0.04	25.00
10	3.13	5.11	14.13	2.58	0.04	25.00
11	5.16	4.66	12.82	2.32	0.04	25.00
12	5.79	3.25	10.15	1.78	4.03	25.00
13	1.57	1.68	4.80	0.97	15.98	25.00
14	6.05	3.48	9.07	1.49	4.91	25.00
15	6.33	4.65	11.72	2.26	0.04	25.00
16	3.41	5.22	13.67	2.66	0.04	25.00
17	4.13	4.89	13.49	2.44	0.04	25.00
18	6.02	4.33	12.36	2.25	0.04	25.00
19	8.57	3.42	10.94	1.73	0.34	25.00
20	0.20	0.19	1.02	0.28	23.32	25.00
21	0.00	0.00	0.00	0.00	25.00	25.00
22	0.00	0.00	0.00	0.00	25.00	25.00
23	0.00	0.00	0.00	0.00	25.00	25.00
24	0.00	0.00	0.00	0.00	25.00	25.00
25	0.00	0.00	0.00	0.00	25.00	25.00
26	0.00	0.00	0.00	0.00	25.00	25.00
27	0.00	0.00	0.00	0.00	25.00	25.00
28	0.00	0.00	0.00	0.00	25.00	25.00
daily	68.20	54.67	150.60	27.33	274.19	575.00

