Passenger Wait Time [min]
hour	0.00+	2.50+	5.00+	7.50+	10.00+	12.50+	15.00+	17.50+	20.00+	22.50+	25.00+	27.50+	30.00+	32.50+	35.00+	37.50+	40.00+	42.50+	45.00+	47.50+	50.00+	52.50+	55.00+	57.50+	60.00+
6	27	9	1	0	0	0	0	0	0	0	0	0	0	0	0	0	0	0	0	0	0	0	0	0	0
7	35	45	19	3	0	0	0	0	0	0	0	0	0	0	0	0	0	0	0	0	0	0	0	0	0
8	27	50	29	14	7	4	2	1	1	1	1	1	0	1	1	0	0	1	0	1	0	2	0	0	3
9	23	40	32	11	7	9	4	6	3	3	5	4	3	0	1	1	2	3	1	3	2	2	2	0	22
10	19	20	24	9	8	4	8	9	5	5	3	2	1	4	4	4	1	2	1	0	0	0	0	3	21
11	17	31	17	9	7	2	4	5	5	1	1	2	2	2	0	0	2	1	2	1	0	0	0	2	1
12	29	12	11	2	0	0	2	1	1	1	1	0	0	0	0	0	0	0	0	0	0	0	0	0	0
13	37	15	0	0	0	0	0	0	0	0	0	0	0	0	0	0	0	0	0	0	0	0	0	0	0
14	34	50	18	4	3	1	0	0	0	0	0	0	0	0	0	0	0	0	0	0	0	0	0	0	0
15	19	47	30	23	7	6	8	5	3	0	1	2	2	2	0	1	1	0	0	0	0	0	0	0	6
16	21	32	27	17	13	7	9	4	4	6	4	4	4	1	2	0	3	0	1	2	1	0	1	2	43
17	19	41	20	11	5	2	4	2	5	4	1	3	0	1	1	1	0	2	0	2	1	1	0	0	15
18	20	35	25	10	1	2	1	2	2	1	0	0	0	0	1	0	1	0	0	1	1	1	2	0	5
19	11	21	8	5	2	1	0	1	0	0	0	0	0	0	0	0	0	0	0	0	0	0	0	0	0
20	0	0	0	0	0	0	0	0	0	0	0	0	0	0	0	0	0	0	0	0	0	0	0	0	0
21	0	0	0	0	0	0	0	0	0	0	0	0	0	0	0	0	0	0	0	0	0	0	0	0	0
22	0	0	0	0	0	0	0	0	0	0	0	0	0	0	0	0	0	0	0	0	0	0	0	0	0
23	0	0	0	0	0	0	0	0	0	0	0	0	0	0	0	0	0	0	0	0	0	0	0	0	0
24	0	0	0	0	0	0	0	0	0	0	0	0	0	0	0	0	0	0	0	0	0	0	0	0	0
25	0	0	0	0	0	0	0	0	0	0	0	0	0	0	0	0	0	0	0	0	0	0	0	0	0
26	0	0	0	0	0	0	0	0	0	0	0	0	0	0	0	0	0	0	0	0	0	0	0	0	0
27	0	0	0	0	0	0	0	0	0	0	0	0	0	0	0	0	0	0	0	0	0	0	0	0	0
28	0	0	0	0	0	0	0	0	0	0	0	0	0	0	0	0	0	0	0	0	0	0	0	0	0
daily	338	448	261	118	60	38	42	36	29	22	17	18	12	11	10	7	10	9	5	10	5	6	5	7	116

Vehicle Empty Drive Ratio
hour	0.00+	0.05+	0.10+	0.15+	0.20+	0.25+	0.30+	0.35+	0.40+	0.45+	0.50+	0.55+	0.60+	0.65+	0.70+	0.75+	0.80+	0.85+	0.90+	0.95+
6	0	0	3	1	7	5	2	0	0	0	1	0	0	0	0	0	0	0	0	2
7	0	0	0	1	0	1	7	8	2	3	0	2	1	0	0	0	0	0	0	0
8	0	0	0	2	2	2	4	12	1	1	1	0	0	0	0	0	0	0	0	0
9	0	1	1	5	5	7	3	2	1	0	0	0	0	0	0	0	0	0	0	0
10	0	1	8	5	6	3	2	0	0	0	0	0	0	0	0	0	0	0	0	0
11	0	1	0	2	4	6	8	3	1	0	0	0	0	0	0	0	0	0	0	0
12	0	1	0	0	1	4	9	6	2	1	0	1	0	0	0	0	0	0	0	0
13	1	1	3	4	2	6	4	1	1	0	0	1	0	0	0	0	0	0	0	0
14	0	0	0	0	0	3	8	6	4	2	2	0	0	0	0	0	0	0	0	0
15	0	0	0	0	2	5	7	5	5	1	0	0	0	0	0	0	0	0	0	0
16	1	2	6	5	5	5	1	0	0	0	0	0	0	0	0	0	0	0	0	0
17	0	0	1	7	7	6	3	1	0	0	0	0	0	0	0	0	0	0	0	0
18	0	0	0	2	3	0	7	9	4	0	0	0	0	0	0	0	0	0	0	0
19	0	0	0	0	0	0	1	9	8	5	2	0	0	0	0	0	0	0	0	0
20	6	0	0	2	0	0	0	1	0	0	0	0	0	0	0	0	0	0	0	0
21	0	0	0	0	0	0	0	0	0	0	0	0	0	0	0	0	0	0	0	0
22	0	0	0	0	0	0	0	0	0	0	0	0	0	0	0	0	0	0	0	0
23	0	0	0	0	0	0	0	0	0	0	0	0	0	0	0	0	0	0	0	0
24	0	0	0	0	0	0	0	0	0	0	0	0	0	0	0	0	0	0	0	0
25	0	0	0	0	0	0	0	0	0	0	0	0	0	0	0	0	0	0	0	0
26	0	0	0	0	0	0	0	0	0	0	0	0	0	0	0	0	0	0	0	0
27	0	0	0	0	0	0	0	0	0	0	0	0	0	0	0	0	0	0	0	0
28	0	0	0	0	0	0	0	0	0	0	0	0	0	0	0	0	0	0	0	0
daily	0	0	0	0	0	12	13	0	0	0	0	0	0	0	0	0	0	0	0	0

Vehicle Wait Ratio
hour	0.00+	0.05+	0.10+	0.15+	0.20+	0.25+	0.30+	0.35+	0.40+	0.45+	0.50+	0.55+	0.60+	0.65+	0.70+	0.75+	0.80+	0.85+	0.90+	0.95+
6	0	0	0	0	0	0	0	0	0	1	1	2	3	3	4	2	2	1	2	4
7	0	2	2	3	6	3	2	3	1	2	1	0	0	0	0	0	0	0	0	0
8	20	4	1	0	0	0	0	0	0	0	0	0	0	0	0	0	0	0	0	0
9	25	0	0	0	0	0	0	0	0	0	0	0	0	0	0	0	0	0	0	0
10	25	0	0	0	0	0	0	0	0	0	0	0	0	0	0	0	0	0	0	0
11	25	0	0	0	0	0	0	0	0	0	0	0	0	0	0	0	0	0	0	0
12	1	5	4	3	5	4	2	1	0	0	0	0	0	0	0	0	0	0	0	0
13	0	0	0	0	1	2	0	0	2	1	2	2	2	2	3	1	2	4	0	1
14	2	1	7	4	1	3	3	3	0	0	1	0	0	0	0	0	0	0	0	0
15	25	0	0	0	0	0	0	0	0	0	0	0	0	0	0	0	0	0	0	0
16	25	0	0	0	0	0	0	0	0	0	0	0	0	0	0	0	0	0	0	0
17	25	0	0	0	0	0	0	0	0	0	0	0	0	0	0	0	0	0	0	0
18	25	0	0	0	0	0	0	0	0	0	0	0	0	0	0	0	0	0	0	0
19	15	9	1	0	0	0	0	0	0	0	0	0	0	0	0	0	0	0	0	0
20	0	0	0	0	0	0	0	0	0	0	0	0	0	0	1	0	0	4	0	20
21	0	0	0	0	0	0	0	0	0	0	0	0	0	0	0	0	0	0	0	25
22	0	0	0	0	0	0	0	0	0	0	0	0	0	0	0	0	0	0	0	25
23	0	0	0	0	0	0	0	0	0	0	0	0	0	0	0	0	0	0	0	25
24	0	0	0	0	0	0	0	0	0	0	0	0	0	0	0	0	0	0	0	25
25	0	0	0	0	0	0	0	0	0	0	0	0	0	0	0	0	0	0	0	25
26	0	0	0	0	0	0	0	0	0	0	0	0	0	0	0	0	0	0	0	25
27	0	0	0	0	0	0	0	0	0	0	0	0	0	0	0	0	0	0	0	25
28	0	0	0	0	0	0	0	0	0	0	0	0	0	0	0	0	0	0	0	25
daily	0	0	0	0	0	0	0	0	0	22	3	0	0	0	0	0	0	0	0	0

Vehicle Wait Ratio Counts
hour	0.00+	0.01+	0.25+	0.50+	0.75+	1.00+
6	0	0	1	13	7	4
7	0	13	11	1	0	0
8	10	15	0	0	0	0
9	25	0	0	0	0	0
10	25	0	0	0	0	0
11	25	0	0	0	0	0
12	0	18	7	0	0	0
13	0	1	5	11	7	1
14	0	15	9	1	0	0
15	25	0	0	0	0	0
16	25	0	0	0	0	0
17	25	0	0	0	0	0
18	25	0	0	0	0	0
19	8	17	0	0	0	0
20	0	0	0	1	10	14
21	0	0	0	0	0	25
22	0	0	0	0	0	25
23	0	0	0	0	0	25
24	0	0	0	0	0	25
25	0	0	0	0	0	25
26	0	0	0	0	0	25
27	0	0	0	0	0	25
28	0	0	0	0	0	25
daily	0	0	22	3	0	0

