Passenger Wait Time [s]
hour	n	avg	sd		min	2%ile	5%ile	25%ile	50%ile	75%ile	95%ile	98%ile	max
6	37	117.2	74.1		4	4	7	69	122	153	268	371	371
7	102	207.2	116.8		24	32	48	122	185	271	441	537	580
8	147	568.0	1087.1		2	38	76	174	285	513	2448	4228	10382
9	189	1429.4	2072.7		80	101	114	247	449	1611	6818	8921	9720
10	157	1415.3	1638.0		20	65	97	299	670	2049	5513	6116	7304
11	114	734.6	836.0		86	93	104	209	380	998	2751	3552	4013
12	60	286.9	355.0		2	4	11	95	162	318	1313	1580	1606
13	52	119.1	70.0		8	8	13	68	109	157	256	299	299
14	110	229.5	144.8		3	13	54	124	209	284	519	724	826
15	163	807.5	1826.9		37	59	79	206	351	693	2308	8575	16159
16	208	2259.0	3252.5		23	80	127	298	683	2489	10313	11785	12821
17	141	1259.4	2012.0		24	64	106	207	380	1313	6929	8185	8833
18	111	705.8	1156.0		31	43	71	175	300	478	3728	5280	5560
19	49	295.7	206.7		52	52	75	158	233	374	768	1113	1113
20	0	NaN	NaN		NaN	NaN	NaN	NaN	NaN	NaN	NaN	NaN	NaN
21	0	NaN	NaN		NaN	NaN	NaN	NaN	NaN	NaN	NaN	NaN	NaN
22	0	NaN	NaN		NaN	NaN	NaN	NaN	NaN	NaN	NaN	NaN	NaN
23	0	NaN	NaN		NaN	NaN	NaN	NaN	NaN	NaN	NaN	NaN	NaN
24	0	NaN	NaN		NaN	NaN	NaN	NaN	NaN	NaN	NaN	NaN	NaN
25	0	NaN	NaN		NaN	NaN	NaN	NaN	NaN	NaN	NaN	NaN	NaN
26	0	NaN	NaN		NaN	NaN	NaN	NaN	NaN	NaN	NaN	NaN	NaN
27	0	NaN	NaN		NaN	NaN	NaN	NaN	NaN	NaN	NaN	NaN	NaN
28	0	NaN	NaN		NaN	NaN	NaN	NaN	NaN	NaN	NaN	NaN	NaN
daily	1640	979.0	1855.1		2	42	72	171	314	771	4677	8185	16159

Vehicle Empty Drive Ratio
hour	fleetAvg	avg	sd		min	2%ile	5%ile	25%ile	50%ile	75%ile	95%ile	98%ile	max
6	0.2545	0.3107	0.2389		0.102	0.102	0.103	0.206	0.238	0.300	0.996	1.000	1.000
7	0.3889	0.3933	0.1019		0.181	0.181	0.211	0.326	0.374	0.449	0.619	0.630	0.630
8	0.3400	0.3396	0.0754		0.173	0.173	0.177	0.300	0.354	0.376	0.489	0.506	0.506
9	0.2498	0.2502	0.0775		0.062	0.062	0.087	0.193	0.259	0.297	0.400	0.415	0.415
10	0.1921	0.1915	0.0704		0.074	0.074	0.085	0.130	0.193	0.240	0.342	0.349	0.349
11	0.2827	0.2830	0.0754		0.085	0.085	0.105	0.241	0.294	0.334	0.400	0.406	0.406
12	0.3398	0.3385	0.0895		0.081	0.081	0.127	0.295	0.331	0.382	0.536	0.563	0.563
13	0.2474	0.2449	0.1223		0.000	0.000	0.016	0.162	0.256	0.314	0.535	0.568	0.568
14	0.3717	0.3746	0.0684		0.268	0.268	0.269	0.332	0.357	0.420	0.523	0.532	0.532
15	0.3428	0.3415	0.0660		0.221	0.221	0.225	0.290	0.338	0.393	0.457	0.463	0.463
16	0.1851	0.1865	0.0711		0.041	0.041	0.049	0.140	0.185	0.250	0.308	0.315	0.315
17	0.2355	0.2352	0.0592		0.118	0.118	0.130	0.182	0.239	0.276	0.355	0.375	0.375
18	0.3289	0.3287	0.0697		0.163	0.163	0.173	0.304	0.352	0.362	0.427	0.432	0.432
19	0.4196	0.4197	0.0475		0.340	0.340	0.343	0.382	0.422	0.456	0.521	0.530	0.530
20	0.1772	0.0844	0.1400		0.000	0.000	0.000	0.000	0.000	0.184	0.392	0.392	0.392
21	NaN	NaN	NaN		NaN	NaN	NaN	NaN	NaN	NaN	NaN	NaN	NaN
22	NaN	NaN	NaN		NaN	NaN	NaN	NaN	NaN	NaN	NaN	NaN	NaN
23	NaN	NaN	NaN		NaN	NaN	NaN	NaN	NaN	NaN	NaN	NaN	NaN
24	NaN	NaN	NaN		NaN	NaN	NaN	NaN	NaN	NaN	NaN	NaN	NaN
25	NaN	NaN	NaN		NaN	NaN	NaN	NaN	NaN	NaN	NaN	NaN	NaN
26	NaN	NaN	NaN		NaN	NaN	NaN	NaN	NaN	NaN	NaN	NaN	NaN
27	NaN	NaN	NaN		NaN	NaN	NaN	NaN	NaN	NaN	NaN	NaN	NaN
28	NaN	NaN	NaN		NaN	NaN	NaN	NaN	NaN	NaN	NaN	NaN	NaN
daily	0.3017	0.3017	0.0182		0.263	0.263	0.268	0.292	0.300	0.314	0.340	0.342	0.342

Vehicle Wait Ratio
hour	fleetAvg	avg	sd		min	2%ile	5%ile	25%ile	50%ile	75%ile	95%ile	98%ile	max
6	0.7534	0.7534	0.1572		0.467	0.467	0.482	0.638	0.720	0.893	1.000	1.000	1.000
7	0.2678	0.2678	0.1183		0.081	0.081	0.083	0.190	0.240	0.363	0.488	0.501	0.501
8	0.0276	0.0276	0.0313		0.000	0.000	0.000	0.000	0.019	0.043	0.102	0.106	0.106
9	0.0000	0.0000	0.0000		0.000	0.000	0.000	0.000	0.000	0.000	0.000	0.000	0.000
10	0.0000	0.0000	0.0000		0.000	0.000	0.000	0.000	0.000	0.000	0.000	0.000	0.000
11	0.0000	0.0000	0.0000		0.000	0.000	0.000	0.000	0.000	0.000	0.000	0.000	0.000
12	0.1848	0.1848	0.0918		0.035	0.035	0.046	0.099	0.196	0.259	0.359	0.378	0.378
13	0.6423	0.6423	0.2088		0.205	0.205	0.226	0.512	0.657	0.828	0.964	1.000	1.000
14	0.2183	0.2183	0.1243		0.040	0.040	0.042	0.118	0.196	0.318	0.484	0.528	0.528
15	0.0003	0.0003	0.0013		0.000	0.000	0.000	0.000	0.000	0.000	0.004	0.006	0.006
16	0.0000	0.0000	0.0000		0.000	0.000	0.000	0.000	0.000	0.000	0.000	0.000	0.000
17	0.0000	0.0000	0.0000		0.000	0.000	0.000	0.000	0.000	0.000	0.000	0.000	0.000
18	0.0000	0.0000	0.0000		0.000	0.000	0.000	0.000	0.000	0.000	0.000	0.000	0.000
19	0.0383	0.0383	0.0369		0.000	0.000	0.000	0.005	0.023	0.071	0.103	0.104	0.104
20	0.9619	0.9619	0.0676		0.727	0.727	0.765	0.958	1.000	1.000	1.000	1.000	1.000
21	1.0000	1.0000	0.0000		1.000	1.000	1.000	1.000	1.000	1.000	1.000	1.000	1.000
22	1.0000	1.0000	0.0000		1.000	1.000	1.000	1.000	1.000	1.000	1.000	1.000	1.000
23	1.0000	1.0000	0.0000		1.000	1.000	1.000	1.000	1.000	1.000	1.000	1.000	1.000
24	1.0000	1.0000	0.0000		1.000	1.000	1.000	1.000	1.000	1.000	1.000	1.000	1.000
25	1.0000	1.0000	0.0000		1.000	1.000	1.000	1.000	1.000	1.000	1.000	1.000	1.000
26	1.0000	1.0000	0.0000		1.000	1.000	1.000	1.000	1.000	1.000	1.000	1.000	1.000
27	1.0000	1.0000	0.0000		1.000	1.000	1.000	1.000	1.000	1.000	1.000	1.000	1.000
28	1.0000	1.0000	0.0000		1.000	1.000	1.000	1.000	1.000	1.000	1.000	1.000	1.000
daily	0.4824	0.4824	0.0181		0.454	0.454	0.455	0.467	0.482	0.493	0.520	0.523	0.523

Total duration of tasks by type [h]
hour	EMPTY_DRIVE	PICKUP	OCCUPIED_DRIVE	DROPOFF	STAY	all
6	1.14	1.19	3.34	0.50	18.83	25.00
7	5.28	3.22	8.29	1.52	6.70	25.00
8	6.16	4.18	11.96	2.01	0.69	25.00
9	4.30	5.23	12.91	2.56	0.00	25.00
10	3.38	4.93	14.19	2.50	0.00	25.00
11	5.03	4.76	12.77	2.43	0.00	25.00
12	5.21	3.32	10.11	1.74	4.62	25.00
13	1.56	1.67	4.75	0.96	16.06	25.00
14	5.41	3.49	9.14	1.51	5.46	25.00
15	6.26	4.52	11.99	2.22	0.01	25.00
16	3.15	5.31	13.85	2.69	0.00	25.00
17	4.14	4.95	13.45	2.46	0.00	25.00
18	6.07	4.34	12.38	2.21	0.00	25.00
19	7.86	3.46	10.87	1.85	0.96	25.00
20	0.12	0.10	0.56	0.17	24.05	25.00
21	0.00	0.00	0.00	0.00	25.00	25.00
22	0.00	0.00	0.00	0.00	25.00	25.00
23	0.00	0.00	0.00	0.00	25.00	25.00
24	0.00	0.00	0.00	0.00	25.00	25.00
25	0.00	0.00	0.00	0.00	25.00	25.00
26	0.00	0.00	0.00	0.00	25.00	25.00
27	0.00	0.00	0.00	0.00	25.00	25.00
28	0.00	0.00	0.00	0.00	25.00	25.00
daily	65.05	54.67	150.58	27.33	277.37	575.00

