Passenger Wait Time [min]
hour	0.00+	2.50+	5.00+	7.50+	10.00+	12.50+	15.00+	17.50+	20.00+	22.50+	25.00+	27.50+	30.00+	32.50+	35.00+	37.50+	40.00+	42.50+	45.00+	47.50+	50.00+	52.50+	55.00+	57.50+	60.00+
6	29	7	1	0	0	0	0	0	0	0	0	0	0	0	0	0	0	0	0	0	0	0	0	0	0
7	38	41	18	4	1	0	0	0	0	0	0	0	0	0	0	0	0	0	0	0	0	0	0	0	0
8	19	48	42	11	8	4	2	0	4	0	0	2	0	0	0	0	2	1	1	0	0	1	0	0	2
9	24	34	29	7	9	12	11	3	5	3	2	6	5	2	2	2	1	2	3	2	1	1	2	1	20
10	18	21	15	11	11	5	10	5	6	9	5	2	5	5	2	1	2	2	1	0	2	2	0	3	14
11	16	32	14	13	9	2	4	1	1	2	4	4	1	3	0	0	1	1	1	1	0	2	0	0	2
12	19	23	9	3	0	0	2	1	2	1	0	0	0	0	0	0	0	0	0	0	0	0	0	0	0
13	37	15	0	0	0	0	0	0	0	0	0	0	0	0	0	0	0	0	0	0	0	0	0	0	0
14	15	31	35	15	8	4	4	1	2	0	0	2	0	1	1	2	5	0	1	0	0	0	0	0	3
15	20	45	35	11	8	8	3	4	1	2	1	1	6	2	1	0	0	0	0	0	0	0	1	0	14
16	18	29	30	15	14	16	5	8	6	4	6	3	1	1	0	0	1	0	0	2	1	0	3	0	45
17	23	35	21	12	7	3	2	5	5	3	1	1	1	2	1	0	1	0	0	0	2	0	0	0	16
18	19	38	23	11	1	1	1	3	0	0	0	1	0	0	0	1	0	1	0	1	2	2	0	0	6
19	7	23	10	7	1	0	1	0	0	0	0	0	0	0	0	0	0	0	0	0	0	0	0	0	0
20	0	0	0	0	0	0	0	0	0	0	0	0	0	0	0	0	0	0	0	0	0	0	0	0	0
21	0	0	0	0	0	0	0	0	0	0	0	0	0	0	0	0	0	0	0	0	0	0	0	0	0
22	0	0	0	0	0	0	0	0	0	0	0	0	0	0	0	0	0	0	0	0	0	0	0	0	0
23	0	0	0	0	0	0	0	0	0	0	0	0	0	0	0	0	0	0	0	0	0	0	0	0	0
24	0	0	0	0	0	0	0	0	0	0	0	0	0	0	0	0	0	0	0	0	0	0	0	0	0
25	0	0	0	0	0	0	0	0	0	0	0	0	0	0	0	0	0	0	0	0	0	0	0	0	0
26	0	0	0	0	0	0	0	0	0	0	0	0	0	0	0	0	0	0	0	0	0	0	0	0	0
27	0	0	0	0	0	0	0	0	0	0	0	0	0	0	0	0	0	0	0	0	0	0	0	0	0
28	0	0	0	0	0	0	0	0	0	0	0	0	0	0	0	0	0	0	0	0	0	0	0	0	0
daily	302	422	282	120	77	55	45	31	32	24	19	22	19	16	7	6	13	7	7	6	8	8	6	4	122

Vehicle Empty Drive Ratio
hour	0.00+	0.05+	0.10+	0.15+	0.20+	0.25+	0.30+	0.35+	0.40+	0.45+	0.50+	0.55+	0.60+	0.65+	0.70+	0.75+	0.80+	0.85+	0.90+	0.95+
6	0	0	4	1	6	5	2	0	0	1	1	0	0	0	0	0	0	0	0	1
7	0	0	0	1	0	1	4	3	7	5	2	1	1	0	0	0	0	0	0	0
8	0	0	0	0	1	7	4	7	2	4	0	0	0	0	0	0	0	0	0	0
9	0	0	1	5	7	5	4	3	0	0	0	0	0	0	0	0	0	0	0	0
10	0	1	6	8	7	2	1	0	0	0	0	0	0	0	0	0	0	0	0	0
11	0	0	0	2	5	7	5	5	1	0	0	0	0	0	0	0	0	0	0	0
12	0	1	0	0	2	3	5	6	2	4	2	0	0	0	0	0	0	0	0	0
13	1	0	3	4	4	7	2	1	0	1	0	0	1	0	0	0	0	0	0	0
14	0	0	0	0	0	2	3	5	8	5	2	0	0	0	0	0	0	0	0	0
15	0	0	0	1	1	4	7	9	3	0	0	0	0	0	0	0	0	0	0	0
16	0	0	3	10	8	4	0	0	0	0	0	0	0	0	0	0	0	0	0	0
17	0	0	1	4	12	4	3	1	0	0	0	0	0	0	0	0	0	0	0	0
18	0	0	0	1	3	1	7	8	4	1	0	0	0	0	0	0	0	0	0	0
19	0	0	0	0	0	2	0	8	6	4	4	1	0	0	0	0	0	0	0	0
20	14	0	1	0	0	0	1	1	0	1	2	2	0	1	0	0	0	0	0	0
21	0	0	0	0	0	0	0	0	0	0	0	0	0	0	0	0	0	0	0	0
22	0	0	0	0	0	0	0	0	0	0	0	0	0	0	0	0	0	0	0	0
23	0	0	0	0	0	0	0	0	0	0	0	0	0	0	0	0	0	0	0	0
24	0	0	0	0	0	0	0	0	0	0	0	0	0	0	0	0	0	0	0	0
25	0	0	0	0	0	0	0	0	0	0	0	0	0	0	0	0	0	0	0	0
26	0	0	0	0	0	0	0	0	0	0	0	0	0	0	0	0	0	0	0	0
27	0	0	0	0	0	0	0	0	0	0	0	0	0	0	0	0	0	0	0	0
28	0	0	0	0	0	0	0	0	0	0	0	0	0	0	0	0	0	0	0	0
daily	0	0	0	0	0	7	17	1	0	0	0	0	0	0	0	0	0	0	0	0

Vehicle Wait Ratio
hour	0.00+	0.05+	0.10+	0.15+	0.20+	0.25+	0.30+	0.35+	0.40+	0.45+	0.50+	0.55+	0.60+	0.65+	0.70+	0.75+	0.80+	0.85+	0.90+	0.95+
6	0	0	0	0	0	0	0	0	0	1	1	2	2	3	5	2	3	1	1	4
7	0	0	5	5	6	1	5	0	0	2	1	0	0	0	0	0	0	0	0	0
8	22	3	0	0	0	0	0	0	0	0	0	0	0	0	0	0	0	0	0	0
9	25	0	0	0	0	0	0	0	0	0	0	0	0	0	0	0	0	0	0	0
10	25	0	0	0	0	0	0	0	0	0	0	0	0	0	0	0	0	0	0	0
11	25	0	0	0	0	0	0	0	0	0	0	0	0	0	0	0	0	0	0	0
12	2	7	4	4	2	4	0	2	0	0	0	0	0	0	0	0	0	0	0	0
13	0	0	1	0	0	0	0	2	0	0	4	4	2	3	1	2	3	2	0	1
14	13	12	0	0	0	0	0	0	0	0	0	0	0	0	0	0	0	0	0	0
15	25	0	0	0	0	0	0	0	0	0	0	0	0	0	0	0	0	0	0	0
16	25	0	0	0	0	0	0	0	0	0	0	0	0	0	0	0	0	0	0	0
17	25	0	0	0	0	0	0	0	0	0	0	0	0	0	0	0	0	0	0	0
18	25	0	0	0	0	0	0	0	0	0	0	0	0	0	0	0	0	0	0	0
19	25	0	0	0	0	0	0	0	0	0	0	0	0	0	0	0	0	0	0	0
20	0	0	0	0	0	0	0	0	0	0	0	0	0	1	3	5	2	6	4	4
21	0	0	0	0	0	0	0	0	0	0	0	0	0	0	0	0	0	0	0	25
22	0	0	0	0	0	0	0	0	0	0	0	0	0	0	0	0	0	0	0	25
23	0	0	0	0	0	0	0	0	0	0	0	0	0	0	0	0	0	0	0	25
24	0	0	0	0	0	0	0	0	0	0	0	0	0	0	0	0	0	0	0	25
25	0	0	0	0	0	0	0	0	0	0	0	0	0	0	0	0	0	0	0	25
26	0	0	0	0	0	0	0	0	0	0	0	0	0	0	0	0	0	0	0	25
27	0	0	0	0	0	0	0	0	0	0	0	0	0	0	0	0	0	0	0	25
28	0	0	0	0	0	0	0	0	0	0	0	0	0	0	0	0	0	0	0	25
daily	0	0	0	0	0	0	0	0	4	21	0	0	0	0	0	0	0	0	0	0

Vehicle Wait Ratio Counts
hour	0.00+	0.01+	0.25+	0.50+	0.75+	1.00+
6	0	0	1	13	7	4
7	0	16	8	1	0	0
8	17	8	0	0	0	0
9	25	0	0	0	0	0
10	25	0	0	0	0	0
11	25	0	0	0	0	0
12	1	18	6	0	0	0
13	0	1	2	14	7	1
14	6	19	0	0	0	0
15	25	0	0	0	0	0
16	25	0	0	0	0	0
17	25	0	0	0	0	0
18	25	0	0	0	0	0
19	25	0	0	0	0	0
20	0	0	0	4	19	2
21	0	0	0	0	0	25
22	0	0	0	0	0	25
23	0	0	0	0	0	25
24	0	0	0	0	0	25
25	0	0	0	0	0	25
26	0	0	0	0	0	25
27	0	0	0	0	0	25
28	0	0	0	0	0	25
daily	0	0	25	0	0	0

