Passenger Wait Time [s]
hour	n	avg	sd		min	2%ile	5%ile	25%ile	50%ile	75%ile	95%ile	98%ile	max
6	37	113.6	74.0		1	1	1	66	114	148	261	364	364
7	102	212.9	133.0		19	25	38	104	195	296	473	587	652
8	147	550.3	1085.8		5	39	65	191	309	518	2160	3291	11553
9	189	1492.8	2229.3		8	57	74	227	600	1731	7976	9406	11273
10	157	1336.0	1468.5		14	56	81	300	844	1764	4599	6298	6938
11	114	732.6	849.6		52	55	77	209	374	875	2854	3589	4144
12	60	303.9	320.3		1	1	15	101	197	357	1201	1354	1361
13	52	113.7	64.6		1	1	10	66	102	165	225	248	249
14	130	1029.3	3064.0		29	61	107	235	359	614	2512	20308	20837
15	163	1408.1	3200.9		44	82	101	214	358	795	11213	15541	17006
16	208	2392.8	3489.8		36	51	110	320	743	2395	10798	11862	12741
17	141	1291.0	2229.5		5	39	70	184	369	1148	7498	9129	9622
18	111	783.1	1432.0		32	39	68	177	269	473	4726	6414	6758
19	49	299.0	177.3		23	23	69	173	259	395	650	943	943
20	0	NaN	NaN		NaN	NaN	NaN	NaN	NaN	NaN	NaN	NaN	NaN
21	0	NaN	NaN		NaN	NaN	NaN	NaN	NaN	NaN	NaN	NaN	NaN
22	0	NaN	NaN		NaN	NaN	NaN	NaN	NaN	NaN	NaN	NaN	NaN
23	0	NaN	NaN		NaN	NaN	NaN	NaN	NaN	NaN	NaN	NaN	NaN
24	0	NaN	NaN		NaN	NaN	NaN	NaN	NaN	NaN	NaN	NaN	NaN
25	0	NaN	NaN		NaN	NaN	NaN	NaN	NaN	NaN	NaN	NaN	NaN
26	0	NaN	NaN		NaN	NaN	NaN	NaN	NaN	NaN	NaN	NaN	NaN
27	0	NaN	NaN		NaN	NaN	NaN	NaN	NaN	NaN	NaN	NaN	NaN
28	0	NaN	NaN		NaN	NaN	NaN	NaN	NaN	NaN	NaN	NaN	NaN
daily	1660	1115.0	2271.7		1	39	63	181	341	851	5935	9588	20837

Vehicle Empty Drive Ratio
hour	fleetAvg	avg	sd		min	2%ile	5%ile	25%ile	50%ile	75%ile	95%ile	98%ile	max
6	0.2563	0.2825	0.1956		0.102	0.102	0.103	0.192	0.234	0.299	0.951	1.000	1.000
7	0.4131	0.4179	0.0893		0.188	0.188	0.216	0.349	0.432	0.458	0.593	0.608	0.608
8	0.3534	0.3535	0.0770		0.210	0.210	0.223	0.290	0.357	0.416	0.486	0.491	0.491
9	0.2518	0.2525	0.0704		0.115	0.115	0.126	0.198	0.245	0.318	0.369	0.375	0.375
10	0.1814	0.1824	0.0545		0.075	0.075	0.087	0.138	0.175	0.216	0.296	0.304	0.304
11	0.2872	0.2872	0.0666		0.164	0.164	0.167	0.238	0.276	0.350	0.401	0.405	0.405
12	0.3629	0.3578	0.1040		0.060	0.060	0.104	0.305	0.359	0.435	0.527	0.537	0.537
13	0.2469	0.2497	0.1255		0.000	0.000	0.026	0.165	0.250	0.290	0.580	0.615	0.615
14	0.4126	0.4111	0.0706		0.275	0.275	0.276	0.360	0.421	0.462	0.531	0.537	0.537
15	0.3365	0.3362	0.0549		0.196	0.196	0.206	0.307	0.347	0.374	0.415	0.417	0.417
16	0.1982	0.1983	0.0475		0.106	0.106	0.113	0.157	0.193	0.234	0.283	0.283	0.283
17	0.2401	0.2400	0.0518		0.121	0.121	0.135	0.205	0.243	0.281	0.345	0.357	0.357
18	0.3411	0.3412	0.0743		0.165	0.165	0.181	0.308	0.360	0.392	0.447	0.454	0.454
19	0.4289	0.4292	0.0725		0.274	0.274	0.281	0.383	0.422	0.496	0.565	0.583	0.583
20	0.2739	0.1807	0.2484		0.000	0.000	0.000	0.000	0.000	0.499	0.656	0.680	0.680
21	NaN	NaN	NaN		NaN	NaN	NaN	NaN	NaN	NaN	NaN	NaN	NaN
22	NaN	NaN	NaN		NaN	NaN	NaN	NaN	NaN	NaN	NaN	NaN	NaN
23	NaN	NaN	NaN		NaN	NaN	NaN	NaN	NaN	NaN	NaN	NaN	NaN
24	NaN	NaN	NaN		NaN	NaN	NaN	NaN	NaN	NaN	NaN	NaN	NaN
25	NaN	NaN	NaN		NaN	NaN	NaN	NaN	NaN	NaN	NaN	NaN	NaN
26	NaN	NaN	NaN		NaN	NaN	NaN	NaN	NaN	NaN	NaN	NaN	NaN
27	NaN	NaN	NaN		NaN	NaN	NaN	NaN	NaN	NaN	NaN	NaN	NaN
28	NaN	NaN	NaN		NaN	NaN	NaN	NaN	NaN	NaN	NaN	NaN	NaN
daily	0.3140	0.3142	0.0193		0.269	0.269	0.274	0.300	0.319	0.327	0.350	0.351	0.351

Vehicle Wait Ratio
hour	fleetAvg	avg	sd		min	2%ile	5%ile	25%ile	50%ile	75%ile	95%ile	98%ile	max
6	0.7530	0.7530	0.1522		0.464	0.464	0.480	0.656	0.724	0.849	1.000	1.000	1.000
7	0.2466	0.2466	0.1153		0.102	0.102	0.103	0.164	0.212	0.305	0.513	0.526	0.526
8	0.0138	0.0138	0.0189		0.001	0.001	0.001	0.001	0.003	0.025	0.056	0.056	0.056
9	0.0017	0.0017	0.0002		0.001	0.001	0.001	0.002	0.002	0.002	0.002	0.002	0.002
10	0.0017	0.0017	0.0002		0.001	0.001	0.001	0.002	0.002	0.002	0.002	0.002	0.002
11	0.0015	0.0015	0.0002		0.001	0.001	0.001	0.001	0.002	0.002	0.002	0.002	0.002
12	0.1612	0.1612	0.1016		0.002	0.002	0.009	0.080	0.150	0.239	0.376	0.384	0.384
13	0.6393	0.6393	0.1895		0.148	0.148	0.211	0.538	0.636	0.800	0.964	1.000	1.000
14	0.0401	0.0401	0.0265		0.001	0.001	0.001	0.008	0.048	0.063	0.064	0.064	0.064
15	0.0015	0.0015	0.0002		0.001	0.001	0.001	0.001	0.001	0.002	0.002	0.002	0.002
16	0.0018	0.0018	0.0002		0.001	0.001	0.001	0.002	0.002	0.002	0.002	0.002	0.002
17	0.0016	0.0016	0.0002		0.001	0.001	0.001	0.001	0.002	0.002	0.002	0.002	0.002
18	0.0015	0.0015	0.0002		0.001	0.001	0.001	0.001	0.001	0.002	0.002	0.002	0.002
19	0.0015	0.0015	0.0013		0.001	0.001	0.001	0.001	0.001	0.001	0.006	0.007	0.007
20	0.8559	0.8559	0.0921		0.676	0.676	0.691	0.779	0.876	0.936	1.000	1.000	1.000
21	1.0000	1.0000	0.0000		1.000	1.000	1.000	1.000	1.000	1.000	1.000	1.000	1.000
22	1.0000	1.0000	0.0000		1.000	1.000	1.000	1.000	1.000	1.000	1.000	1.000	1.000
23	1.0000	1.0000	0.0000		1.000	1.000	1.000	1.000	1.000	1.000	1.000	1.000	1.000
24	1.0000	1.0000	0.0000		1.000	1.000	1.000	1.000	1.000	1.000	1.000	1.000	1.000
25	1.0000	1.0000	0.0000		1.000	1.000	1.000	1.000	1.000	1.000	1.000	1.000	1.000
26	1.0000	1.0000	0.0000		1.000	1.000	1.000	1.000	1.000	1.000	1.000	1.000	1.000
27	1.0000	1.0000	0.0000		1.000	1.000	1.000	1.000	1.000	1.000	1.000	1.000	1.000
28	1.0000	1.0000	0.0000		1.000	1.000	1.000	1.000	1.000	1.000	1.000	1.000	1.000
daily	0.4662	0.4662	0.0151		0.445	0.445	0.445	0.454	0.465	0.480	0.494	0.495	0.495

Total duration of tasks by type [h]
hour	EMPTY_DRIVE	PICKUP	OCCUPIED_DRIVE	DROPOFF	STAY	all
6	1.15	1.18	3.34	0.50	18.82	25.00
7	5.84	3.19	8.30	1.51	6.16	25.00
8	6.48	4.29	11.86	2.03	0.35	25.00
9	4.36	5.14	12.94	2.52	0.04	25.00
10	3.13	5.11	14.13	2.58	0.04	25.00
11	5.16	4.66	12.82	2.32	0.04	25.00
12	5.79	3.25	10.15	1.78	4.03	25.00
13	1.57	1.68	4.80	0.97	15.98	25.00
14	7.67	3.70	10.92	1.70	1.00	25.00
15	6.09	4.65	12.00	2.23	0.04	25.00
16	3.36	5.33	13.59	2.68	0.04	25.00
17	4.24	4.87	13.43	2.41	0.04	25.00
18	6.25	4.39	12.07	2.25	0.04	25.00
19	8.44	3.48	11.24	1.80	0.04	25.00
20	0.77	0.42	2.03	0.38	21.40	25.00
21	0.00	0.00	0.00	0.00	25.00	25.00
22	0.00	0.00	0.00	0.00	25.00	25.00
23	0.00	0.00	0.00	0.00	25.00	25.00
24	0.00	0.00	0.00	0.00	25.00	25.00
25	0.00	0.00	0.00	0.00	25.00	25.00
26	0.00	0.00	0.00	0.00	25.00	25.00
27	0.00	0.00	0.00	0.00	25.00	25.00
28	0.00	0.00	0.00	0.00	25.00	25.00
daily	70.31	55.33	153.63	27.67	268.07	575.00

