Passenger Wait Time [min]
hour	0.00+	2.50+	5.00+	7.50+	10.00+	12.50+	15.00+	17.50+	20.00+	22.50+	25.00+	27.50+	30.00+	32.50+	35.00+	37.50+	40.00+	42.50+	45.00+	47.50+	50.00+	52.50+	55.00+	57.50+	60.00+
6	27	9	1	0	0	0	0	0	0	0	0	0	0	0	0	0	0	0	0	0	0	0	0	0	0
7	35	45	19	3	0	0	0	0	0	0	0	0	0	0	0	0	0	0	0	0	0	0	0	0	0
8	27	50	29	14	7	4	2	1	1	1	1	1	0	1	1	0	0	1	0	1	0	2	0	0	3
9	23	38	35	10	7	9	4	6	3	3	5	4	3	0	1	1	2	3	1	4	2	2	2	0	21
10	21	20	20	10	9	4	9	6	5	3	5	1	4	2	5	3	3	3	0	0	1	1	0	0	22
11	18	33	16	9	7	2	2	1	2	4	2	4	3	2	1	0	3	1	0	1	0	1	1	0	1
12	26	15	8	4	1	1	1	1	2	0	1	0	0	0	0	0	0	0	0	0	0	0	0	0	0
13	36	16	0	0	0	0	0	0	0	0	0	0	0	0	0	0	0	0	0	0	0	0	0	0	0
14	34	48	21	5	1	0	0	1	0	0	0	0	0	0	0	0	0	0	0	0	0	0	0	0	0
15	22	55	30	12	9	7	5	4	3	1	3	0	2	1	1	1	0	0	0	0	0	0	0	0	7
16	21	35	26	16	15	7	5	6	5	5	3	5	4	1	1	4	2	0	0	0	0	1	2	2	42
17	25	34	18	10	7	2	4	5	3	2	4	2	0	5	0	1	0	0	1	0	0	1	0	1	16
18	16	39	21	5	9	3	2	2	1	0	0	1	0	1	1	0	1	0	1	0	0	2	0	1	5
19	10	21	11	4	2	1	0	0	0	0	0	0	0	0	0	0	0	0	0	0	0	0	0	0	0
20	0	0	0	0	0	0	0	0	0	0	0	0	0	0	0	0	0	0	0	0	0	0	0	0	0
21	0	0	0	0	0	0	0	0	0	0	0	0	0	0	0	0	0	0	0	0	0	0	0	0	0
22	0	0	0	0	0	0	0	0	0	0	0	0	0	0	0	0	0	0	0	0	0	0	0	0	0
23	0	0	0	0	0	0	0	0	0	0	0	0	0	0	0	0	0	0	0	0	0	0	0	0	0
24	0	0	0	0	0	0	0	0	0	0	0	0	0	0	0	0	0	0	0	0	0	0	0	0	0
25	0	0	0	0	0	0	0	0	0	0	0	0	0	0	0	0	0	0	0	0	0	0	0	0	0
26	0	0	0	0	0	0	0	0	0	0	0	0	0	0	0	0	0	0	0	0	0	0	0	0	0
27	0	0	0	0	0	0	0	0	0	0	0	0	0	0	0	0	0	0	0	0	0	0	0	0	0
28	0	0	0	0	0	0	0	0	0	0	0	0	0	0	0	0	0	0	0	0	0	0	0	0	0
daily	341	458	255	102	74	40	34	33	25	19	24	18	16	13	11	10	11	8	3	6	3	10	5	4	117

Vehicle Empty Drive Ratio
hour	0.00+	0.05+	0.10+	0.15+	0.20+	0.25+	0.30+	0.35+	0.40+	0.45+	0.50+	0.55+	0.60+	0.65+	0.70+	0.75+	0.80+	0.85+	0.90+	0.95+
6	0	0	3	1	7	5	2	0	0	0	1	0	0	0	0	0	0	0	0	2
7	0	0	0	1	0	1	7	8	2	3	0	2	1	0	0	0	0	0	0	0
8	0	0	0	2	2	2	4	12	1	1	1	0	0	0	0	0	0	0	0	0
9	0	1	1	5	5	7	4	1	1	0	0	0	0	0	0	0	0	0	0	0
10	0	1	8	5	5	5	1	0	0	0	0	0	0	0	0	0	0	0	0	0
11	0	0	0	4	2	10	4	4	1	0	0	0	0	0	0	0	0	0	0	0
12	0	1	0	0	1	3	5	7	4	3	1	0	0	0	0	0	0	0	0	0
13	2	2	1	3	2	4	6	1	1	0	0	0	1	0	0	0	0	0	0	0
14	0	0	0	0	0	4	6	7	4	1	3	0	0	0	0	0	0	0	0	0
15	0	0	0	1	2	5	2	9	3	3	0	0	0	0	0	0	0	0	0	0
16	0	1	4	8	7	4	0	1	0	0	0	0	0	0	0	0	0	0	0	0
17	0	0	2	6	10	6	1	0	0	0	0	0	0	0	0	0	0	0	0	0
18	0	0	0	2	1	5	5	8	1	2	1	0	0	0	0	0	0	0	0	0
19	0	0	0	0	0	0	5	6	8	4	2	0	0	0	0	0	0	0	0	0
20	12	1	0	0	1	0	0	0	0	0	0	0	0	0	0	0	0	0	0	0
21	0	0	0	0	0	0	0	0	0	0	0	0	0	0	0	0	0	0	0	0
22	0	0	0	0	0	0	0	0	0	0	0	0	0	0	0	0	0	0	0	0
23	0	0	0	0	0	0	0	0	0	0	0	0	0	0	0	0	0	0	0	0
24	0	0	0	0	0	0	0	0	0	0	0	0	0	0	0	0	0	0	0	0
25	0	0	0	0	0	0	0	0	0	0	0	0	0	0	0	0	0	0	0	0
26	0	0	0	0	0	0	0	0	0	0	0	0	0	0	0	0	0	0	0	0
27	0	0	0	0	0	0	0	0	0	0	0	0	0	0	0	0	0	0	0	0
28	0	0	0	0	0	0	0	0	0	0	0	0	0	0	0	0	0	0	0	0
daily	0	0	0	0	0	11	14	0	0	0	0	0	0	0	0	0	0	0	0	0

Vehicle Wait Ratio
hour	0.00+	0.05+	0.10+	0.15+	0.20+	0.25+	0.30+	0.35+	0.40+	0.45+	0.50+	0.55+	0.60+	0.65+	0.70+	0.75+	0.80+	0.85+	0.90+	0.95+
6	0	0	0	0	0	0	0	0	0	1	1	2	3	3	4	2	2	1	2	4
7	0	2	2	3	6	3	2	3	1	2	1	0	0	0	0	0	0	0	0	0
8	20	4	1	0	0	0	0	0	0	0	0	0	0	0	0	0	0	0	0	0
9	25	0	0	0	0	0	0	0	0	0	0	0	0	0	0	0	0	0	0	0
10	25	0	0	0	0	0	0	0	0	0	0	0	0	0	0	0	0	0	0	0
11	25	0	0	0	0	0	0	0	0	0	0	0	0	0	0	0	0	0	0	0
12	3	4	5	2	4	6	0	1	0	0	0	0	0	0	0	0	0	0	0	0
13	0	0	0	0	1	1	0	1	1	0	6	1	2	3	2	1	1	3	0	2
14	2	2	5	5	2	2	4	2	0	0	1	0	0	0	0	0	0	0	0	0
15	25	0	0	0	0	0	0	0	0	0	0	0	0	0	0	0	0	0	0	0
16	25	0	0	0	0	0	0	0	0	0	0	0	0	0	0	0	0	0	0	0
17	25	0	0	0	0	0	0	0	0	0	0	0	0	0	0	0	0	0	0	0
18	25	0	0	0	0	0	0	0	0	0	0	0	0	0	0	0	0	0	0	0
19	15	6	4	0	0	0	0	0	0	0	0	0	0	0	0	0	0	0	0	0
20	0	0	0	0	0	0	0	0	0	0	0	0	0	0	0	1	0	2	6	16
21	0	0	0	0	0	0	0	0	0	0	0	0	0	0	0	0	0	0	0	25
22	0	0	0	0	0	0	0	0	0	0	0	0	0	0	0	0	0	0	0	25
23	0	0	0	0	0	0	0	0	0	0	0	0	0	0	0	0	0	0	0	25
24	0	0	0	0	0	0	0	0	0	0	0	0	0	0	0	0	0	0	0	25
25	0	0	0	0	0	0	0	0	0	0	0	0	0	0	0	0	0	0	0	25
26	0	0	0	0	0	0	0	0	0	0	0	0	0	0	0	0	0	0	0	25
27	0	0	0	0	0	0	0	0	0	0	0	0	0	0	0	0	0	0	0	25
28	0	0	0	0	0	0	0	0	0	0	0	0	0	0	0	0	0	0	0	25
daily	0	0	0	0	0	0	0	0	0	22	3	0	0	0	0	0	0	0	0	0

Vehicle Wait Ratio Counts
hour	0.00+	0.01+	0.25+	0.50+	0.75+	1.00+
6	0	0	1	13	7	4
7	0	13	11	1	0	0
8	10	15	0	0	0	0
9	25	0	0	0	0	0
10	25	0	0	0	0	0
11	25	0	0	0	0	0
12	2	16	7	0	0	0
13	0	1	3	14	5	2
14	0	16	8	1	0	0
15	24	1	0	0	0	0
16	25	0	0	0	0	0
17	25	0	0	0	0	0
18	25	0	0	0	0	0
19	11	14	0	0	0	0
20	0	0	0	0	15	10
21	0	0	0	0	0	25
22	0	0	0	0	0	25
23	0	0	0	0	0	25
24	0	0	0	0	0	25
25	0	0	0	0	0	25
26	0	0	0	0	0	25
27	0	0	0	0	0	25
28	0	0	0	0	0	25
daily	0	0	22	3	0	0

