time	EMPTY_DRIVE	PICKUP	OCCUPIED_DRIVE	DROPOFF	STAY	UNPLANNED
00:00	0.0	0.0	0.0	0.0	0.0	0.0
00:05	0.0	0.0	0.0	0.0	0.0	0.0
00:10	0.0	0.0	0.0	0.0	0.0	0.0
00:15	0.0	0.0	0.0	0.0	0.0	0.0
00:20	0.0	0.0	0.0	0.0	0.0	0.0
00:25	0.0	0.0	0.0	0.0	0.0	0.0
00:30	0.0	0.0	0.0	0.0	0.0	0.0
00:35	0.0	0.0	0.0	0.0	0.0	0.0
00:40	0.0	0.0	0.0	0.0	0.0	0.0
00:45	0.0	0.0	0.0	0.0	0.0	0.0
00:50	0.0	0.0	0.0	0.0	0.0	0.0
00:55	0.0	0.0	0.0	0.0	0.0	0.0
01:00	0.0	0.0	0.0	0.0	0.0	0.0
01:05	0.0	0.0	0.0	0.0	0.0	0.0
01:10	0.0	0.0	0.0	0.0	0.0	0.0
01:15	0.0	0.0	0.0	0.0	0.0	0.0
01:20	0.0	0.0	0.0	0.0	0.0	0.0
01:25	0.0	0.0	0.0	0.0	0.0	0.0
01:30	0.0	0.0	0.0	0.0	0.0	0.0
01:35	0.0	0.0	0.0	0.0	0.0	0.0
01:40	0.0	0.0	0.0	0.0	0.0	0.0
01:45	0.0	0.0	0.0	0.0	0.0	0.0
01:50	0.0	0.0	0.0	0.0	0.0	0.0
01:55	0.0	0.0	0.0	0.0	0.0	0.0
02:00	0.0	0.0	0.0	0.0	0.0	0.0
02:05	0.0	0.0	0.0	0.0	0.0	0.0
02:10	0.0	0.0	0.0	0.0	0.0	0.0
02:15	0.0	0.0	0.0	0.0	0.0	0.0
02:20	0.0	0.0	0.0	0.0	0.0	0.0
02:25	0.0	0.0	0.0	0.0	0.0	0.0
02:30	0.0	0.0	0.0	0.0	0.0	0.0
02:35	0.0	0.0	0.0	0.0	0.0	0.0
02:40	0.0	0.0	0.0	0.0	0.0	0.0
02:45	0.0	0.0	0.0	0.0	0.0	0.0
02:50	0.0	0.0	0.0	0.0	0.0	0.0
02:55	0.0	0.0	0.0	0.0	0.0	0.0
03:00	0.0	0.0	0.0	0.0	0.0	0.0
03:05	0.0	0.0	0.0	0.0	0.0	0.0
03:10	0.0	0.0	0.0	0.0	0.0	0.0
03:15	0.0	0.0	0.0	0.0	0.0	0.0
03:20	0.0	0.0	0.0	0.0	0.0	0.0
03:25	0.0	0.0	0.0	0.0	0.0	0.0
03:30	0.0	0.0	0.0	0.0	0.0	0.0
03:35	0.0	0.0	0.0	0.0	0.0	0.0
03:40	0.0	0.0	0.0	0.0	0.0	0.0
03:45	0.0	0.0	0.0	0.0	0.0	0.0
03:50	0.0	0.0	0.0	0.0	0.0	0.0
03:55	0.0	0.0	0.0	0.0	0.0	0.0
04:00	0.0	0.0	0.0	0.0	0.0	0.0
04:05	0.0	0.0	0.0	0.0	0.0	0.0
04:10	0.0	0.0	0.0	0.0	0.0	0.0
04:15	0.0	0.0	0.0	0.0	0.0	0.0
04:20	0.0	0.0	0.0	0.0	0.0	0.0
04:25	0.0	0.0	0.0	0.0	0.0	0.0
04:30	0.0	0.0	0.0	0.0	0.0	0.0
04:35	0.0	0.0	0.0	0.0	0.0	0.0
04:40	0.0	0.0	0.0	0.0	0.0	0.0
04:45	0.0	0.0	0.0	0.0	0.0	0.0
04:50	0.0	0.0	0.0	0.0	0.0	0.0
04:55	0.0	0.0	0.0	0.0	0.0	0.0
05:00	0.0	0.0	0.0	0.0	0.0	0.0
05:05	0.0	0.0	0.0	0.0	0.0	0.0
05:10	0.0	0.0	0.0	0.0	0.0	0.0
05:15	0.0	0.0	0.0	0.0	0.0	0.0
05:20	0.0	0.0	0.0	0.0	0.0	0.0
05:25	0.0	0.0	0.0	0.0	0.0	0.0
05:30	0.0	0.0	0.0	0.0	0.0	0.0
05:35	0.0	0.0	0.0	0.0	0.0	0.0
05:40	0.0	0.0	0.0	0.0	0.0	0.0
05:45	0.0	0.0	0.0	0.0	0.0	0.0
05:50	0.0	0.0	0.0	0.0	0.0	0.0
05:55	0.0	0.0	0.0	0.0	0.0	0.0
06:00	0.0	0.0	0.0	0.0	0.0	0.0
06:05	0.0	2.0	0.0	0.0	23.0	0.0
06:10	3.0	2.0	1.0	1.0	18.0	1.0
06:15	0.0	2.0	6.0	0.0	17.0	0.0
06:20	1.0	0.0	2.0	3.0	19.0	0.0
06:25	0.0	1.0	2.0	0.0	22.0	0.0
06:30	4.0	2.0	1.0	1.0	17.0	0.0
06:35	2.0	2.0	7.0	0.0	14.0	0.0
06:40	1.0	0.0	7.0	1.0	16.0	0.0
06:45	0.0	0.0	7.0	0.0	18.0	0.0
06:50	3.0	1.0	1.0	1.0	19.0	0.0
06:55	1.0	1.0	4.0	0.0	19.0	0.0
07:00	1.0	1.0	5.0	0.0	18.0	0.0
07:05	5.0	4.0	6.0	0.0	10.0	0.0
07:10	8.0	4.0	11.0	0.0	2.0	1.0
07:15	7.0	4.0	9.0	1.0	4.0	2.0
07:20	9.0	4.0	9.0	3.0	0.0	1.0
07:25	3.0	5.0	8.0	1.0	8.0	0.0
07:30	1.0	2.0	12.0	2.0	8.0	0.0
07:35	8.0	4.0	9.0	1.0	3.0	0.0
07:40	1.0	2.0	10.0	2.0	10.0	0.0
07:45	3.0	4.0	4.0	3.0	11.0	0.0
07:50	4.0	1.0	7.0	2.0	11.0	0.0
07:55	5.0	3.0	7.0	1.0	9.0	2.0
08:00	2.0	8.0	7.0	2.0	6.0	0.0
08:05	8.0	2.0	13.0	2.0	0.0	3.0
08:10	6.0	6.0	11.0	2.0	0.0	4.0
08:15	3.0	6.0	13.0	3.0	0.0	4.0
08:20	9.0	3.0	10.0	3.0	0.0	1.0
08:25	9.0	6.0	6.0	1.0	3.0	0.0
08:30	4.0	4.0	15.0	1.0	1.0	1.0
08:35	5.0	4.0	14.0	2.0	0.0	7.0
08:40	4.0	6.0	12.0	3.0	0.0	10.0
08:45	8.0	3.0	11.0	3.0	0.0	13.0
08:50	6.0	4.0	11.0	4.0	0.0	17.0
08:55	3.0	5.0	16.0	1.0	0.0	19.0
09:00	7.0	2.0	14.0	2.0	0.0	20.0
09:05	6.0	5.0	11.0	3.0	0.0	20.0
09:10	7.0	8.0	9.0	1.0	0.0	25.0
09:15	0.0	4.0	16.0	5.0	0.0	36.0
09:20	4.0	9.0	11.0	1.0	0.0	36.0
09:25	7.0	1.0	14.0	3.0	0.0	42.0
09:30	3.0	4.0	15.0	3.0	0.0	37.0
09:35	7.0	2.0	14.0	2.0	0.0	39.0
09:40	3.0	5.0	12.0	5.0	0.0	42.0
09:45	2.0	10.0	10.0	3.0	0.0	42.0
09:50	4.0	5.0	13.0	3.0	0.0	43.0
09:55	6.0	4.0	12.0	3.0	0.0	49.0
10:00	3.0	4.0	16.0	2.0	0.0	55.0
10:05	3.0	4.0	13.0	5.0	0.0	56.0
10:10	2.0	5.0	15.0	3.0	0.0	57.0
10:15	2.0	3.0	17.0	3.0	0.0	63.0
10:20	4.0	5.0	13.0	3.0	0.0	65.0
10:25	2.0	5.0	14.0	4.0	0.0	71.0
10:30	3.0	4.0	18.0	0.0	0.0	69.0
10:35	5.0	4.0	13.0	3.0	0.0	69.0
10:40	4.0	3.0	15.0	3.0	0.0	70.0
10:45	4.0	5.0	15.0	1.0	0.0	66.0
10:50	3.0	6.0	15.0	1.0	0.0	66.0
10:55	9.0	3.0	10.0	3.0	0.0	64.0
11:00	2.0	6.0	15.0	2.0	0.0	64.0
11:05	4.0	6.0	13.0	2.0	0.0	61.0
11:10	6.0	7.0	11.0	1.0	0.0	58.0
11:15	3.0	1.0	18.0	3.0	0.0	53.0
11:20	3.0	5.0	12.0	5.0	0.0	46.0
11:25	7.0	1.0	14.0	3.0	0.0	46.0
11:30	5.0	10.0	9.0	1.0	0.0	39.0
11:35	5.0	6.0	10.0	4.0	0.0	42.0
11:40	2.0	7.0	16.0	0.0	0.0	38.0
11:45	5.0	6.0	7.0	7.0	0.0	31.0
11:50	9.0	4.0	10.0	2.0	0.0	29.0
11:55	2.0	3.0	18.0	2.0	0.0	29.0
12:00	5.0	5.0	10.0	5.0	0.0	32.0
12:05	9.0	3.0	13.0	0.0	0.0	24.0
12:10	7.0	3.0	14.0	1.0	0.0	22.0
12:15	10.0	3.0	9.0	3.0	0.0	14.0
12:20	7.0	2.0	14.0	2.0	0.0	10.0
12:25	12.0	2.0	8.0	3.0	0.0	3.0
12:30	10.0	7.0	7.0	1.0	0.0	0.0
12:35	9.0	2.0	11.0	3.0	0.0	0.0
12:40	4.0	3.0	11.0	2.0	5.0	0.0
12:45	1.0	2.0	7.0	1.0	14.0	1.0
12:50	3.0	3.0	6.0	0.0	13.0	0.0
12:55	2.0	3.0	7.0	2.0	11.0	0.0
13:00	1.0	1.0	8.0	2.0	13.0	0.0
13:05	1.0	2.0	5.0	1.0	16.0	0.0
13:10	1.0	4.0	6.0	1.0	13.0	0.0
13:15	1.0	0.0	4.0	1.0	19.0	0.0
13:20	1.0	2.0	3.0	0.0	19.0	1.0
13:25	1.0	0.0	4.0	1.0	19.0	0.0
13:30	3.0	2.0	4.0	0.0	16.0	1.0
13:35	0.0	5.0	8.0	2.0	10.0	1.0
13:40	1.0	3.0	3.0	2.0	16.0	0.0
13:45	1.0	4.0	3.0	0.0	17.0	0.0
13:50	1.0	0.0	5.0	0.0	19.0	0.0
13:55	0.0	1.0	1.0	1.0	22.0	0.0
14:00	2.0	2.0	1.0	0.0	20.0	0.0
14:05	6.0	3.0	5.0	0.0	11.0	0.0
14:10	4.0	4.0	8.0	1.0	8.0	0.0
14:15	1.0	2.0	11.0	0.0	11.0	0.0
14:20	6.0	3.0	7.0	3.0	6.0	0.0
14:25	4.0	5.0	8.0	2.0	6.0	0.0
14:30	9.0	1.0	13.0	0.0	2.0	0.0
14:35	10.0	4.0	7.0	1.0	3.0	1.0
14:40	2.0	4.0	13.0	0.0	6.0	0.0
14:45	7.0	4.0	8.0	1.0	5.0	1.0
14:50	8.0	2.0	15.0	0.0	0.0	3.0
14:55	5.0	6.0	13.0	1.0	0.0	4.0
15:00	1.0	5.0	11.0	8.0	0.0	1.0
15:05	11.0	5.0	9.0	0.0	0.0	4.0
15:10	8.0	7.0	7.0	3.0	0.0	12.0
15:15	7.0	1.0	14.0	3.0	0.0	10.0
15:20	11.0	3.0	8.0	3.0	0.0	7.0
15:25	7.0	5.0	11.0	2.0	0.0	8.0
15:30	3.0	4.0	16.0	2.0	0.0	11.0
15:35	8.0	4.0	13.0	0.0	0.0	11.0
15:40	9.0	6.0	8.0	2.0	0.0	11.0
15:45	7.0	4.0	13.0	1.0	0.0	17.0
15:50	3.0	4.0	14.0	4.0	0.0	17.0
15:55	6.0	5.0	13.0	1.0	0.0	24.0
16:00	2.0	6.0	12.0	5.0	0.0	29.0
16:05	3.0	3.0	17.0	2.0	0.0	33.0
16:10	5.0	7.0	11.0	2.0	0.0	38.0
16:15	6.0	2.0	15.0	2.0	0.0	37.0
16:20	6.0	5.0	8.0	6.0	0.0	42.0
16:25	1.0	6.0	17.0	1.0	0.0	52.0
16:30	3.0	4.0	17.0	1.0	0.0	64.0
16:35	2.0	7.0	15.0	1.0	0.0	64.0
16:40	4.0	4.0	13.0	4.0	0.0	66.0
16:45	4.0	6.0	14.0	1.0	0.0	72.0
16:50	1.0	3.0	18.0	3.0	0.0	77.0
16:55	5.0	5.0	15.0	0.0	0.0	81.0
17:00	1.0	8.0	12.0	4.0	0.0	77.0
17:05	3.0	3.0	15.0	4.0	0.0	77.0
17:10	5.0	4.0	14.0	2.0	0.0	71.0
17:15	2.0	6.0	15.0	2.0	0.0	71.0
17:20	5.0	4.0	13.0	3.0	0.0	72.0
17:25	4.0	9.0	11.0	1.0	0.0	75.0
17:30	3.0	3.0	15.0	4.0	0.0	72.0
17:35	5.0	4.0	11.0	5.0	0.0	73.0
17:40	2.0	6.0	15.0	2.0	0.0	77.0
17:45	2.0	7.0	11.0	5.0	0.0	73.0
17:50	6.0	4.0	14.0	1.0	0.0	69.0
17:55	5.0	5.0	11.0	4.0	0.0	68.0
18:00	6.0	5.0	13.0	1.0	0.0	68.0
18:05	7.0	4.0	11.0	3.0	0.0	66.0
18:10	5.0	6.0	12.0	2.0	0.0	57.0
18:15	7.0	5.0	8.0	5.0	0.0	56.0
18:20	5.0	6.0	11.0	3.0	0.0	63.0
18:25	6.0	6.0	7.0	6.0	0.0	58.0
18:30	9.0	1.0	13.0	2.0	0.0	54.0
18:35	8.0	4.0	12.0	1.0	0.0	57.0
18:40	4.0	3.0	15.0	3.0	0.0	57.0
18:45	5.0	3.0	15.0	2.0	0.0	60.0
18:50	4.0	5.0	12.0	4.0	0.0	60.0
18:55	8.0	0.0	14.0	3.0	0.0	55.0
19:00	7.0	5.0	11.0	2.0	0.0	49.0
19:05	6.0	2.0	14.0	3.0	0.0	43.0
19:10	10.0	5.0	8.0	2.0	0.0	36.0
19:15	9.0	3.0	11.0	2.0	0.0	31.0
19:20	12.0	3.0	7.0	3.0	0.0	22.0
19:25	9.0	6.0	10.0	0.0	0.0	16.0
19:30	7.0	2.0	13.0	3.0	0.0	13.0
19:35	10.0	3.0	10.0	2.0	0.0	9.0
19:40	13.0	3.0	9.0	0.0	0.0	3.0
19:45	0.0	5.0	18.0	2.0	0.0	6.0
19:50	2.0	4.0	13.0	6.0	0.0	1.0
19:55	5.0	3.0	9.0	1.0	7.0	1.0
20:00	2.0	1.0	11.0	1.0	10.0	0.0
20:05	0.0	0.0	3.0	3.0	19.0	0.0
20:10	0.0	0.0	1.0	0.0	24.0	0.0
20:15	0.0	0.0	0.0	0.0	25.0	0.0
20:20	0.0	0.0	0.0	0.0	25.0	0.0
20:25	0.0	0.0	0.0	0.0	25.0	0.0
20:30	0.0	0.0	0.0	0.0	25.0	0.0
20:35	0.0	0.0	0.0	0.0	25.0	0.0
20:40	0.0	0.0	0.0	0.0	25.0	0.0
20:45	0.0	0.0	0.0	0.0	25.0	0.0
20:50	0.0	0.0	0.0	0.0	25.0	0.0
20:55	0.0	0.0	0.0	0.0	25.0	0.0
21:00	0.0	0.0	0.0	0.0	25.0	0.0
21:05	0.0	0.0	0.0	0.0	25.0	0.0
21:10	0.0	0.0	0.0	0.0	25.0	0.0
21:15	0.0	0.0	0.0	0.0	25.0	0.0
21:20	0.0	0.0	0.0	0.0	25.0	0.0
21:25	0.0	0.0	0.0	0.0	25.0	0.0
21:30	0.0	0.0	0.0	0.0	25.0	0.0
21:35	0.0	0.0	0.0	0.0	25.0	0.0
21:40	0.0	0.0	0.0	0.0	25.0	0.0
21:45	0.0	0.0	0.0	0.0	25.0	0.0
21:50	0.0	0.0	0.0	0.0	25.0	0.0
21:55	0.0	0.0	0.0	0.0	25.0	0.0
22:00	0.0	0.0	0.0	0.0	25.0	0.0
22:05	0.0	0.0	0.0	0.0	25.0	0.0
22:10	0.0	0.0	0.0	0.0	25.0	0.0
22:15	0.0	0.0	0.0	0.0	25.0	0.0
22:20	0.0	0.0	0.0	0.0	25.0	0.0
22:25	0.0	0.0	0.0	0.0	25.0	0.0
22:30	0.0	0.0	0.0	0.0	25.0	0.0
22:35	0.0	0.0	0.0	0.0	25.0	0.0
22:40	0.0	0.0	0.0	0.0	25.0	0.0
22:45	0.0	0.0	0.0	0.0	25.0	0.0
22:50	0.0	0.0	0.0	0.0	25.0	0.0
22:55	0.0	0.0	0.0	0.0	25.0	0.0
23:00	0.0	0.0	0.0	0.0	25.0	0.0
23:05	0.0	0.0	0.0	0.0	25.0	0.0
23:10	0.0	0.0	0.0	0.0	25.0	0.0
23:15	0.0	0.0	0.0	0.0	25.0	0.0
23:20	0.0	0.0	0.0	0.0	25.0	0.0
23:25	0.0	0.0	0.0	0.0	25.0	0.0
23:30	0.0	0.0	0.0	0.0	25.0	0.0
23:35	0.0	0.0	0.0	0.0	25.0	0.0
23:40	0.0	0.0	0.0	0.0	25.0	0.0
23:45	0.0	0.0	0.0	0.0	25.0	0.0
23:50	0.0	0.0	0.0	0.0	25.0	0.0
23:55	0.0	0.0	0.0	0.0	25.0	0.0
24:00	0.0	0.0	0.0	0.0	25.0	0.0
24:05	0.0	0.0	0.0	0.0	25.0	0.0
24:10	0.0	0.0	0.0	0.0	25.0	0.0
24:15	0.0	0.0	0.0	0.0	25.0	0.0
24:20	0.0	0.0	0.0	0.0	25.0	0.0
24:25	0.0	0.0	0.0	0.0	25.0	0.0
24:30	0.0	0.0	0.0	0.0	25.0	0.0
24:35	0.0	0.0	0.0	0.0	25.0	0.0
24:40	0.0	0.0	0.0	0.0	25.0	0.0
24:45	0.0	0.0	0.0	0.0	25.0	0.0
24:50	0.0	0.0	0.0	0.0	25.0	0.0
24:55	0.0	0.0	0.0	0.0	25.0	0.0
25:00	0.0	0.0	0.0	0.0	25.0	0.0
25:05	0.0	0.0	0.0	0.0	25.0	0.0
25:10	0.0	0.0	0.0	0.0	25.0	0.0
25:15	0.0	0.0	0.0	0.0	25.0	0.0
25:20	0.0	0.0	0.0	0.0	25.0	0.0
25:25	0.0	0.0	0.0	0.0	25.0	0.0
25:30	0.0	0.0	0.0	0.0	25.0	0.0
25:35	0.0	0.0	0.0	0.0	25.0	0.0
25:40	0.0	0.0	0.0	0.0	25.0	0.0
25:45	0.0	0.0	0.0	0.0	25.0	0.0
25:50	0.0	0.0	0.0	0.0	25.0	0.0
25:55	0.0	0.0	0.0	0.0	25.0	0.0
26:00	0.0	0.0	0.0	0.0	25.0	0.0
26:05	0.0	0.0	0.0	0.0	25.0	0.0
26:10	0.0	0.0	0.0	0.0	25.0	0.0
26:15	0.0	0.0	0.0	0.0	25.0	0.0
26:20	0.0	0.0	0.0	0.0	25.0	0.0
26:25	0.0	0.0	0.0	0.0	25.0	0.0
26:30	0.0	0.0	0.0	0.0	25.0	0.0
26:35	0.0	0.0	0.0	0.0	25.0	0.0
26:40	0.0	0.0	0.0	0.0	25.0	0.0
26:45	0.0	0.0	0.0	0.0	25.0	0.0
26:50	0.0	0.0	0.0	0.0	25.0	0.0
26:55	0.0	0.0	0.0	0.0	25.0	0.0
27:00	0.0	0.0	0.0	0.0	25.0	0.0
27:05	0.0	0.0	0.0	0.0	25.0	0.0
27:10	0.0	0.0	0.0	0.0	25.0	0.0
27:15	0.0	0.0	0.0	0.0	25.0	0.0
27:20	0.0	0.0	0.0	0.0	25.0	0.0
27:25	0.0	0.0	0.0	0.0	25.0	0.0
27:30	0.0	0.0	0.0	0.0	25.0	0.0
27:35	0.0	0.0	0.0	0.0	25.0	0.0
27:40	0.0	0.0	0.0	0.0	25.0	0.0
27:45	0.0	0.0	0.0	0.0	25.0	0.0
27:50	0.0	0.0	0.0	0.0	25.0	0.0
27:55	0.0	0.0	0.0	0.0	25.0	0.0
28:00	0.0	0.0	0.0	0.0	25.0	0.0
28:05	0.0	0.0	0.0	0.0	25.0	0.0
28:10	0.0	0.0	0.0	0.0	25.0	0.0
28:15	0.0	0.0	0.0	0.0	25.0	0.0
28:20	0.0	0.0	0.0	0.0	25.0	0.0
28:25	0.0	0.0	0.0	0.0	25.0	0.0
28:30	0.0	0.0	0.0	0.0	25.0	0.0
28:35	0.0	0.0	0.0	0.0	25.0	0.0
28:40	0.0	0.0	0.0	0.0	25.0	0.0
28:45	0.0	0.0	0.0	0.0	25.0	0.0
28:50	0.0	0.0	0.0	0.0	25.0	0.0
28:55	0.0	0.0	0.0	0.0	25.0	0.0
29:00	0.0	0.0	0.0	0.0	25.0	0.0
