Passenger Wait Time [s]
hour	n	avg	sd		min	2%ile	5%ile	25%ile	50%ile	75%ile	95%ile	98%ile	max
6	37	117.2	74.1		4	4	7	69	122	153	268	371	371
7	102	207.2	116.8		24	32	48	122	185	271	441	537	580
8	147	579.7	1196.4		2	38	76	174	285	513	2448	4228	12091
9	189	1405.3	2021.3		81	101	115	254	448	1611	6470	8627	9631
10	157	1438.2	1673.5		20	59	90	293	713	2035	5487	6409	7969
11	114	733.4	825.9		46	77	98	205	355	932	2557	3327	3984
12	60	304.4	328.9		2	7	26	101	188	348	1222	1465	1512
13	52	121.0	71.1		8	8	13	70	107	174	256	299	299
14	110	231.2	149.5		3	13	54	117	217	305	488	628	1071
15	163	942.8	2431.9		37	58	89	204	312	628	2294	13062	16391
16	208	2248.4	3296.4		57	71	109	272	656	2334	10611	12077	12775
17	141	1276.9	2040.6		45	60	89	199	394	1261	6714	8333	8958
18	111	725.3	1151.6		41	65	112	184	306	644	3772	5063	5975
19	49	283.1	178.7		65	65	72	168	243	354	680	882	882
20	0	NaN	NaN		NaN	NaN	NaN	NaN	NaN	NaN	NaN	NaN	NaN
21	0	NaN	NaN		NaN	NaN	NaN	NaN	NaN	NaN	NaN	NaN	NaN
22	0	NaN	NaN		NaN	NaN	NaN	NaN	NaN	NaN	NaN	NaN	NaN
23	0	NaN	NaN		NaN	NaN	NaN	NaN	NaN	NaN	NaN	NaN	NaN
24	0	NaN	NaN		NaN	NaN	NaN	NaN	NaN	NaN	NaN	NaN	NaN
25	0	NaN	NaN		NaN	NaN	NaN	NaN	NaN	NaN	NaN	NaN	NaN
26	0	NaN	NaN		NaN	NaN	NaN	NaN	NaN	NaN	NaN	NaN	NaN
27	0	NaN	NaN		NaN	NaN	NaN	NaN	NaN	NaN	NaN	NaN	NaN
28	0	NaN	NaN		NaN	NaN	NaN	NaN	NaN	NaN	NaN	NaN	NaN
daily	1640	994.8	1934.1		2	45	72	171	310	751	4916	8286	16391

Vehicle Empty Drive Ratio
hour	fleetAvg	avg	sd		min	2%ile	5%ile	25%ile	50%ile	75%ile	95%ile	98%ile	max
6	0.2545	0.3107	0.2389		0.102	0.102	0.103	0.206	0.238	0.300	0.996	1.000	1.000
7	0.3889	0.3933	0.1019		0.181	0.181	0.211	0.326	0.374	0.449	0.619	0.630	0.630
8	0.3400	0.3396	0.0754		0.173	0.173	0.177	0.300	0.354	0.376	0.489	0.506	0.506
9	0.2480	0.2483	0.0746		0.062	0.062	0.087	0.193	0.259	0.297	0.390	0.404	0.404
10	0.1906	0.1903	0.0657		0.074	0.074	0.087	0.127	0.183	0.249	0.298	0.301	0.301
11	0.2835	0.2823	0.0679		0.156	0.156	0.160	0.248	0.279	0.330	0.414	0.428	0.428
12	0.3605	0.3604	0.0931		0.093	0.093	0.130	0.312	0.353	0.436	0.505	0.509	0.509
13	0.2505	0.2492	0.1380		0.000	0.000	0.009	0.154	0.258	0.309	0.577	0.615	0.615
14	0.3750	0.3798	0.0735		0.265	0.265	0.266	0.333	0.364	0.422	0.537	0.547	0.547
15	0.3486	0.3490	0.0814		0.165	0.165	0.180	0.288	0.355	0.407	0.484	0.493	0.493
16	0.2001	0.2010	0.0637		0.084	0.084	0.095	0.160	0.199	0.234	0.356	0.385	0.385
17	0.2238	0.2235	0.0422		0.144	0.144	0.144	0.190	0.230	0.255	0.303	0.310	0.310
18	0.3349	0.3354	0.0814		0.186	0.186	0.187	0.286	0.336	0.375	0.503	0.518	0.518
19	0.4118	0.4097	0.0636		0.315	0.315	0.316	0.360	0.403	0.457	0.532	0.542	0.542
20	0.0537	0.0183	0.0550		0.000	0.000	0.000	0.000	0.000	0.000	0.203	0.203	0.203
21	NaN	NaN	NaN		NaN	NaN	NaN	NaN	NaN	NaN	NaN	NaN	NaN
22	NaN	NaN	NaN		NaN	NaN	NaN	NaN	NaN	NaN	NaN	NaN	NaN
23	NaN	NaN	NaN		NaN	NaN	NaN	NaN	NaN	NaN	NaN	NaN	NaN
24	NaN	NaN	NaN		NaN	NaN	NaN	NaN	NaN	NaN	NaN	NaN	NaN
25	NaN	NaN	NaN		NaN	NaN	NaN	NaN	NaN	NaN	NaN	NaN	NaN
26	NaN	NaN	NaN		NaN	NaN	NaN	NaN	NaN	NaN	NaN	NaN	NaN
27	NaN	NaN	NaN		NaN	NaN	NaN	NaN	NaN	NaN	NaN	NaN	NaN
28	NaN	NaN	NaN		NaN	NaN	NaN	NaN	NaN	NaN	NaN	NaN	NaN
daily	0.3035	0.3036	0.0216		0.272	0.272	0.272	0.289	0.306	0.321	0.342	0.346	0.346

Vehicle Wait Ratio
hour	fleetAvg	avg	sd		min	2%ile	5%ile	25%ile	50%ile	75%ile	95%ile	98%ile	max
6	0.7534	0.7534	0.1572		0.467	0.467	0.482	0.638	0.720	0.893	1.000	1.000	1.000
7	0.2678	0.2678	0.1183		0.081	0.081	0.083	0.190	0.240	0.363	0.488	0.501	0.501
8	0.0276	0.0276	0.0313		0.000	0.000	0.000	0.000	0.019	0.043	0.102	0.106	0.106
9	0.0000	0.0000	0.0000		0.000	0.000	0.000	0.000	0.000	0.000	0.000	0.000	0.000
10	0.0000	0.0000	0.0000		0.000	0.000	0.000	0.000	0.000	0.000	0.000	0.000	0.000
11	0.0000	0.0000	0.0000		0.000	0.000	0.000	0.000	0.000	0.000	0.000	0.000	0.000
12	0.1682	0.1682	0.0993		0.000	0.000	0.002	0.087	0.191	0.253	0.345	0.368	0.368
13	0.6411	0.6411	0.2019		0.228	0.228	0.249	0.516	0.631	0.817	1.000	1.000	1.000
14	0.2155	0.2155	0.1255		0.040	0.040	0.042	0.117	0.196	0.318	0.484	0.528	0.528
15	0.0005	0.0005	0.0024		0.000	0.000	0.000	0.000	0.000	0.000	0.008	0.012	0.012
16	0.0000	0.0000	0.0000		0.000	0.000	0.000	0.000	0.000	0.000	0.000	0.000	0.000
17	0.0000	0.0000	0.0000		0.000	0.000	0.000	0.000	0.000	0.000	0.000	0.000	0.000
18	0.0000	0.0000	0.0000		0.000	0.000	0.000	0.000	0.000	0.000	0.000	0.000	0.000
19	0.0407	0.0407	0.0457		0.000	0.000	0.000	0.000	0.031	0.069	0.136	0.141	0.141
20	0.9576	0.9576	0.0550		0.780	0.780	0.806	0.922	0.977	1.000	1.000	1.000	1.000
21	1.0000	1.0000	0.0000		1.000	1.000	1.000	1.000	1.000	1.000	1.000	1.000	1.000
22	1.0000	1.0000	0.0000		1.000	1.000	1.000	1.000	1.000	1.000	1.000	1.000	1.000
23	1.0000	1.0000	0.0000		1.000	1.000	1.000	1.000	1.000	1.000	1.000	1.000	1.000
24	1.0000	1.0000	0.0000		1.000	1.000	1.000	1.000	1.000	1.000	1.000	1.000	1.000
25	1.0000	1.0000	0.0000		1.000	1.000	1.000	1.000	1.000	1.000	1.000	1.000	1.000
26	1.0000	1.0000	0.0000		1.000	1.000	1.000	1.000	1.000	1.000	1.000	1.000	1.000
27	1.0000	1.0000	0.0000		1.000	1.000	1.000	1.000	1.000	1.000	1.000	1.000	1.000
28	1.0000	1.0000	0.0000		1.000	1.000	1.000	1.000	1.000	1.000	1.000	1.000	1.000
daily	0.4814	0.4814	0.0145		0.454	0.454	0.456	0.471	0.482	0.493	0.508	0.509	0.509

Total duration of tasks by type [h]
hour	EMPTY_DRIVE	PICKUP	OCCUPIED_DRIVE	DROPOFF	STAY	all
6	1.14	1.19	3.34	0.50	18.83	25.00
7	5.28	3.22	8.29	1.52	6.70	25.00
8	6.16	4.18	11.96	2.01	0.69	25.00
9	4.27	5.23	12.95	2.55	0.00	25.00
10	3.34	4.98	14.19	2.49	0.00	25.00
11	5.06	4.71	12.79	2.43	0.00	25.00
12	5.68	3.30	10.07	1.75	4.20	25.00
13	1.58	1.69	4.73	0.97	16.03	25.00
14	5.47	3.51	9.12	1.51	5.39	25.00
15	6.36	4.51	11.87	2.25	0.01	25.00
16	3.41	5.34	13.62	2.63	0.00	25.00
17	3.92	4.97	13.60	2.51	0.00	25.00
18	6.22	4.27	12.35	2.17	0.00	25.00
19	7.70	3.48	11.00	1.80	1.02	25.00
20	0.04	0.09	0.69	0.24	23.94	25.00
21	0.00	0.00	0.00	0.00	25.00	25.00
22	0.00	0.00	0.00	0.00	25.00	25.00
23	0.00	0.00	0.00	0.00	25.00	25.00
24	0.00	0.00	0.00	0.00	25.00	25.00
25	0.00	0.00	0.00	0.00	25.00	25.00
26	0.00	0.00	0.00	0.00	25.00	25.00
27	0.00	0.00	0.00	0.00	25.00	25.00
28	0.00	0.00	0.00	0.00	25.00	25.00
daily	65.62	54.67	150.57	27.33	276.81	575.00

