Passenger Wait Time [s]
hour	n	avg	sd		min	2%ile	5%ile	25%ile	50%ile	75%ile	95%ile	98%ile	max
6	37	117.2	74.1		4	4	7	69	122	153	268	371	371
7	102	207.2	116.8		24	32	48	122	185	271	441	537	580
8	147	565.8	1149.9		2	38	76	174	289	490	2118	4030	11732
9	189	1502.9	2243.9		56	76	116	233	460	1710	7977	9455	9991
10	157	1473.1	1690.1		54	78	115	293	737	1934	5598	6553	7441
11	114	685.6	790.4		43	63	100	220	343	829	2592	3232	4025
12	60	317.1	336.5		2	4	11	99	217	377	1307	1404	1413
13	52	116.5	67.9		8	8	13	67	107	172	229	290	294
14	110	222.1	156.0		2	3	42	112	208	277	551	751	1067
15	163	858.3	2195.5		37	60	106	199	326	609	2592	11574	16489
16	208	2256.2	3179.3		45	81	122	297	802	2402	10221	11656	12915
17	141	1273.0	2043.6		28	48	98	190	360	1241	6798	8538	8887
18	111	711.3	1174.3		38	52	81	190	270	519	3797	5156	5812
19	49	293.2	193.0		67	67	69	155	252	376	771	942	942
20	0	NaN	NaN		NaN	NaN	NaN	NaN	NaN	NaN	NaN	NaN	NaN
21	0	NaN	NaN		NaN	NaN	NaN	NaN	NaN	NaN	NaN	NaN	NaN
22	0	NaN	NaN		NaN	NaN	NaN	NaN	NaN	NaN	NaN	NaN	NaN
23	0	NaN	NaN		NaN	NaN	NaN	NaN	NaN	NaN	NaN	NaN	NaN
24	0	NaN	NaN		NaN	NaN	NaN	NaN	NaN	NaN	NaN	NaN	NaN
25	0	NaN	NaN		NaN	NaN	NaN	NaN	NaN	NaN	NaN	NaN	NaN
26	0	NaN	NaN		NaN	NaN	NaN	NaN	NaN	NaN	NaN	NaN	NaN
27	0	NaN	NaN		NaN	NaN	NaN	NaN	NaN	NaN	NaN	NaN	NaN
28	0	NaN	NaN		NaN	NaN	NaN	NaN	NaN	NaN	NaN	NaN	NaN
daily	1640	996.1	1914.0		2	43	69	172	307	788	5060	8366	16489

Vehicle Empty Drive Ratio
hour	fleetAvg	avg	sd		min	2%ile	5%ile	25%ile	50%ile	75%ile	95%ile	98%ile	max
6	0.2545	0.3107	0.2389		0.102	0.102	0.103	0.206	0.238	0.300	0.996	1.000	1.000
7	0.3889	0.3933	0.1019		0.181	0.181	0.211	0.326	0.374	0.449	0.619	0.630	0.630
8	0.3380	0.3379	0.0751		0.169	0.169	0.170	0.296	0.356	0.379	0.481	0.503	0.503
9	0.2630	0.2624	0.0802		0.113	0.113	0.123	0.199	0.272	0.330	0.379	0.382	0.382
10	0.1910	0.1926	0.0781		0.060	0.060	0.065	0.140	0.179	0.252	0.368	0.390	0.390
11	0.2834	0.2831	0.0818		0.119	0.119	0.122	0.232	0.293	0.347	0.421	0.435	0.435
12	0.3501	0.3515	0.0786		0.063	0.063	0.117	0.336	0.367	0.393	0.467	0.480	0.480
13	0.2430	0.2480	0.1405		0.000	0.000	0.016	0.144	0.260	0.306	0.579	0.615	0.615
14	0.3592	0.3604	0.0681		0.254	0.254	0.257	0.299	0.358	0.406	0.503	0.513	0.513
15	0.3522	0.3524	0.0691		0.208	0.208	0.215	0.300	0.357	0.401	0.460	0.462	0.462
16	0.1870	0.1883	0.0664		0.027	0.027	0.044	0.161	0.195	0.235	0.322	0.327	0.327
17	0.2422	0.2427	0.0563		0.127	0.127	0.131	0.204	0.238	0.288	0.327	0.328	0.328
18	0.3180	0.3185	0.0646		0.203	0.203	0.206	0.272	0.328	0.361	0.429	0.440	0.440
19	0.4201	0.4190	0.0654		0.333	0.333	0.335	0.365	0.406	0.463	0.560	0.574	0.574
20	0.0730	0.0257	0.0851		0.000	0.000	0.000	0.000	0.000	0.000	0.282	0.282	0.282
21	NaN	NaN	NaN		NaN	NaN	NaN	NaN	NaN	NaN	NaN	NaN	NaN
22	NaN	NaN	NaN		NaN	NaN	NaN	NaN	NaN	NaN	NaN	NaN	NaN
23	NaN	NaN	NaN		NaN	NaN	NaN	NaN	NaN	NaN	NaN	NaN	NaN
24	NaN	NaN	NaN		NaN	NaN	NaN	NaN	NaN	NaN	NaN	NaN	NaN
25	NaN	NaN	NaN		NaN	NaN	NaN	NaN	NaN	NaN	NaN	NaN	NaN
26	NaN	NaN	NaN		NaN	NaN	NaN	NaN	NaN	NaN	NaN	NaN	NaN
27	NaN	NaN	NaN		NaN	NaN	NaN	NaN	NaN	NaN	NaN	NaN	NaN
28	NaN	NaN	NaN		NaN	NaN	NaN	NaN	NaN	NaN	NaN	NaN	NaN
daily	0.3025	0.3025	0.0192		0.267	0.267	0.269	0.288	0.303	0.319	0.336	0.338	0.338

Vehicle Wait Ratio
hour	fleetAvg	avg	sd		min	2%ile	5%ile	25%ile	50%ile	75%ile	95%ile	98%ile	max
6	0.7534	0.7534	0.1572		0.467	0.467	0.482	0.638	0.720	0.893	1.000	1.000	1.000
7	0.2678	0.2678	0.1183		0.081	0.081	0.083	0.190	0.240	0.363	0.488	0.501	0.501
8	0.0276	0.0276	0.0313		0.000	0.000	0.000	0.000	0.019	0.043	0.102	0.106	0.106
9	0.0000	0.0000	0.0000		0.000	0.000	0.000	0.000	0.000	0.000	0.000	0.000	0.000
10	0.0000	0.0000	0.0000		0.000	0.000	0.000	0.000	0.000	0.000	0.000	0.000	0.000
11	0.0000	0.0000	0.0000		0.000	0.000	0.000	0.000	0.000	0.000	0.000	0.000	0.000
12	0.1643	0.1643	0.1133		0.000	0.000	0.000	0.073	0.163	0.254	0.364	0.370	0.370
13	0.6436	0.6436	0.1951		0.205	0.205	0.233	0.525	0.636	0.823	0.964	1.000	1.000
14	0.2269	0.2269	0.1418		0.040	0.040	0.044	0.118	0.191	0.321	0.574	0.594	0.594
15	0.0024	0.0024	0.0073		0.000	0.000	0.000	0.000	0.000	0.000	0.027	0.029	0.029
16	0.0000	0.0000	0.0000		0.000	0.000	0.000	0.000	0.000	0.000	0.000	0.000	0.000
17	0.0000	0.0000	0.0000		0.000	0.000	0.000	0.000	0.000	0.000	0.000	0.000	0.000
18	0.0000	0.0000	0.0000		0.000	0.000	0.000	0.000	0.000	0.000	0.000	0.000	0.000
19	0.0382	0.0382	0.0363		0.000	0.000	0.000	0.000	0.040	0.062	0.118	0.121	0.121
20	0.9603	0.9603	0.0602		0.761	0.761	0.797	0.927	1.000	1.000	1.000	1.000	1.000
21	1.0000	1.0000	0.0000		1.000	1.000	1.000	1.000	1.000	1.000	1.000	1.000	1.000
22	1.0000	1.0000	0.0000		1.000	1.000	1.000	1.000	1.000	1.000	1.000	1.000	1.000
23	1.0000	1.0000	0.0000		1.000	1.000	1.000	1.000	1.000	1.000	1.000	1.000	1.000
24	1.0000	1.0000	0.0000		1.000	1.000	1.000	1.000	1.000	1.000	1.000	1.000	1.000
25	1.0000	1.0000	0.0000		1.000	1.000	1.000	1.000	1.000	1.000	1.000	1.000	1.000
26	1.0000	1.0000	0.0000		1.000	1.000	1.000	1.000	1.000	1.000	1.000	1.000	1.000
27	1.0000	1.0000	0.0000		1.000	1.000	1.000	1.000	1.000	1.000	1.000	1.000	1.000
28	1.0000	1.0000	0.0000		1.000	1.000	1.000	1.000	1.000	1.000	1.000	1.000	1.000
daily	0.4819	0.4819	0.0155		0.450	0.450	0.452	0.471	0.483	0.493	0.512	0.513	0.513

Total duration of tasks by type [h]
hour	EMPTY_DRIVE	PICKUP	OCCUPIED_DRIVE	DROPOFF	STAY	all
6	1.14	1.19	3.34	0.50	18.83	25.00
7	5.28	3.22	8.29	1.52	6.70	25.00
8	6.12	4.18	11.99	2.02	0.69	25.00
9	4.56	5.16	12.77	2.51	0.00	25.00
10	3.35	4.90	14.21	2.54	0.00	25.00
11	5.04	4.86	12.75	2.35	0.00	25.00
12	5.52	3.32	10.24	1.82	4.11	25.00
13	1.52	1.67	4.75	0.97	16.09	25.00
14	5.13	3.50	9.16	1.54	5.67	25.00
15	6.37	4.61	11.71	2.26	0.06	25.00
16	3.21	5.17	13.97	2.65	0.00	25.00
17	4.26	5.02	13.32	2.41	0.00	25.00
18	5.83	4.40	12.50	2.27	0.00	25.00
19	7.91	3.41	10.92	1.80	0.95	25.00
20	0.05	0.06	0.68	0.20	24.01	25.00
21	0.00	0.00	0.00	0.00	25.00	25.00
22	0.00	0.00	0.00	0.00	25.00	25.00
23	0.00	0.00	0.00	0.00	25.00	25.00
24	0.00	0.00	0.00	0.00	25.00	25.00
25	0.00	0.00	0.00	0.00	25.00	25.00
26	0.00	0.00	0.00	0.00	25.00	25.00
27	0.00	0.00	0.00	0.00	25.00	25.00
28	0.00	0.00	0.00	0.00	25.00	25.00
daily	65.30	54.67	150.59	27.33	277.11	575.00

