Passenger Wait Time [min]
hour	0.00+	2.50+	5.00+	7.50+	10.00+	12.50+	15.00+	17.50+	20.00+	22.50+	25.00+	27.50+	30.00+	32.50+	35.00+	37.50+	40.00+	42.50+	45.00+	47.50+	50.00+	52.50+	55.00+	57.50+	60.00+
6	27	9	1	0	0	0	0	0	0	0	0	0	0	0	0	0	0	0	0	0	0	0	0	0	0
7	35	45	19	3	0	0	0	0	0	0	0	0	0	0	0	0	0	0	0	0	0	0	0	0	0
8	26	49	31	14	6	5	2	2	1	1	0	0	1	1	2	1	0	0	0	1	0	1	0	0	3
9	20	46	27	13	4	6	9	2	7	5	1	4	3	3	5	0	0	2	2	3	2	2	1	0	22
10	16	26	16	9	13	8	5	5	4	3	3	4	7	2	3	1	0	2	3	1	2	0	1	3	20
11	16	34	18	11	5	4	4	3	1	1	3	0	4	3	0	0	1	2	0	0	1	2	0	0	1
12	21	15	13	4	2	0	0	1	2	2	0	0	0	0	0	0	0	0	0	0	0	0	0	0	0
13	37	15	0	0	0	0	0	0	0	0	0	0	0	0	0	0	0	0	0	0	0	0	0	0	0
14	36	49	19	2	2	1	0	1	0	0	0	0	0	0	0	0	0	0	0	0	0	0	0	0	0
15	26	47	31	17	11	6	2	5	3	1	1	1	1	2	0	0	1	1	0	0	0	0	0	0	7
16	16	37	25	12	10	10	11	9	6	4	2	2	8	2	2	0	2	0	1	1	2	1	2	1	42
17	21	41	21	7	8	2	3	1	4	0	4	3	2	1	0	0	1	0	0	2	3	1	1	0	15
18	18	45	15	8	4	3	3	1	1	0	0	0	1	0	2	0	0	0	1	1	0	2	0	1	5
19	11	20	10	4	2	1	1	0	0	0	0	0	0	0	0	0	0	0	0	0	0	0	0	0	0
20	0	0	0	0	0	0	0	0	0	0	0	0	0	0	0	0	0	0	0	0	0	0	0	0	0
21	0	0	0	0	0	0	0	0	0	0	0	0	0	0	0	0	0	0	0	0	0	0	0	0	0
22	0	0	0	0	0	0	0	0	0	0	0	0	0	0	0	0	0	0	0	0	0	0	0	0	0
23	0	0	0	0	0	0	0	0	0	0	0	0	0	0	0	0	0	0	0	0	0	0	0	0	0
24	0	0	0	0	0	0	0	0	0	0	0	0	0	0	0	0	0	0	0	0	0	0	0	0	0
25	0	0	0	0	0	0	0	0	0	0	0	0	0	0	0	0	0	0	0	0	0	0	0	0	0
26	0	0	0	0	0	0	0	0	0	0	0	0	0	0	0	0	0	0	0	0	0	0	0	0	0
27	0	0	0	0	0	0	0	0	0	0	0	0	0	0	0	0	0	0	0	0	0	0	0	0	0
28	0	0	0	0	0	0	0	0	0	0	0	0	0	0	0	0	0	0	0	0	0	0	0	0	0
daily	326	478	246	104	67	46	40	30	29	17	14	14	27	14	14	2	5	7	7	9	10	9	5	5	115

Vehicle Empty Drive Ratio
hour	0.00+	0.05+	0.10+	0.15+	0.20+	0.25+	0.30+	0.35+	0.40+	0.45+	0.50+	0.55+	0.60+	0.65+	0.70+	0.75+	0.80+	0.85+	0.90+	0.95+
6	0	0	3	1	7	5	2	0	0	0	1	0	0	0	0	0	0	0	0	2
7	0	0	0	1	0	1	7	8	2	3	0	2	1	0	0	0	0	0	0	0
8	0	0	0	2	1	3	4	12	2	0	1	0	0	0	0	0	0	0	0	0
9	0	0	2	4	5	4	6	4	0	0	0	0	0	0	0	0	0	0	0	0
10	0	2	6	8	3	4	1	1	0	0	0	0	0	0	0	0	0	0	0	0
11	0	0	3	0	6	5	6	4	1	0	0	0	0	0	0	0	0	0	0	0
12	0	1	0	0	1	2	4	12	4	1	0	0	0	0	0	0	0	0	0	0
13	1	3	2	3	1	6	4	1	1	1	0	0	1	0	0	0	0	0	0	0
14	0	0	0	0	0	7	4	8	4	1	1	0	0	0	0	0	0	0	0	0
15	0	0	0	0	2	4	5	8	4	2	0	0	0	0	0	0	0	0	0	0
16	1	2	2	11	7	0	2	0	0	0	0	0	0	0	0	0	0	0	0	0
17	0	0	2	4	8	5	6	0	0	0	0	0	0	0	0	0	0	0	0	0
18	0	0	0	0	4	5	8	6	2	0	0	0	0	0	0	0	0	0	0	0
19	0	0	0	0	0	0	2	9	5	6	2	1	0	0	0	0	0	0	0	0
20	10	0	0	0	0	1	0	0	0	0	0	0	0	0	0	0	0	0	0	0
21	0	0	0	0	0	0	0	0	0	0	0	0	0	0	0	0	0	0	0	0
22	0	0	0	0	0	0	0	0	0	0	0	0	0	0	0	0	0	0	0	0
23	0	0	0	0	0	0	0	0	0	0	0	0	0	0	0	0	0	0	0	0
24	0	0	0	0	0	0	0	0	0	0	0	0	0	0	0	0	0	0	0	0
25	0	0	0	0	0	0	0	0	0	0	0	0	0	0	0	0	0	0	0	0
26	0	0	0	0	0	0	0	0	0	0	0	0	0	0	0	0	0	0	0	0
27	0	0	0	0	0	0	0	0	0	0	0	0	0	0	0	0	0	0	0	0
28	0	0	0	0	0	0	0	0	0	0	0	0	0	0	0	0	0	0	0	0
daily	0	0	0	0	0	12	13	0	0	0	0	0	0	0	0	0	0	0	0	0

Vehicle Wait Ratio
hour	0.00+	0.05+	0.10+	0.15+	0.20+	0.25+	0.30+	0.35+	0.40+	0.45+	0.50+	0.55+	0.60+	0.65+	0.70+	0.75+	0.80+	0.85+	0.90+	0.95+
6	0	0	0	0	0	0	0	0	0	1	1	2	3	3	4	2	2	1	2	4
7	0	2	2	3	6	3	2	3	1	2	1	0	0	0	0	0	0	0	0	0
8	20	4	1	0	0	0	0	0	0	0	0	0	0	0	0	0	0	0	0	0
9	25	0	0	0	0	0	0	0	0	0	0	0	0	0	0	0	0	0	0	0
10	25	0	0	0	0	0	0	0	0	0	0	0	0	0	0	0	0	0	0	0
11	25	0	0	0	0	0	0	0	0	0	0	0	0	0	0	0	0	0	0	0
12	6	0	6	4	3	3	1	2	0	0	0	0	0	0	0	0	0	0	0	0
13	0	0	0	0	1	1	0	0	2	0	6	1	2	2	2	0	3	4	0	1
14	1	2	6	6	1	1	3	3	0	0	1	1	0	0	0	0	0	0	0	0
15	25	0	0	0	0	0	0	0	0	0	0	0	0	0	0	0	0	0	0	0
16	25	0	0	0	0	0	0	0	0	0	0	0	0	0	0	0	0	0	0	0
17	25	0	0	0	0	0	0	0	0	0	0	0	0	0	0	0	0	0	0	0
18	25	0	0	0	0	0	0	0	0	0	0	0	0	0	0	0	0	0	0	0
19	16	7	2	0	0	0	0	0	0	0	0	0	0	0	0	0	0	0	0	0
20	0	0	0	0	0	0	0	0	0	0	0	0	0	0	0	1	0	4	1	19
21	0	0	0	0	0	0	0	0	0	0	0	0	0	0	0	0	0	0	0	25
22	0	0	0	0	0	0	0	0	0	0	0	0	0	0	0	0	0	0	0	25
23	0	0	0	0	0	0	0	0	0	0	0	0	0	0	0	0	0	0	0	25
24	0	0	0	0	0	0	0	0	0	0	0	0	0	0	0	0	0	0	0	25
25	0	0	0	0	0	0	0	0	0	0	0	0	0	0	0	0	0	0	0	25
26	0	0	0	0	0	0	0	0	0	0	0	0	0	0	0	0	0	0	0	25
27	0	0	0	0	0	0	0	0	0	0	0	0	0	0	0	0	0	0	0	25
28	0	0	0	0	0	0	0	0	0	0	0	0	0	0	0	0	0	0	0	25
daily	0	0	0	0	0	0	0	0	1	21	3	0	0	0	0	0	0	0	0	0

Vehicle Wait Ratio Counts
hour	0.00+	0.01+	0.25+	0.50+	0.75+	1.00+
6	0	0	1	13	7	4
7	0	13	11	1	0	0
8	10	15	0	0	0	0
9	25	0	0	0	0	0
10	25	0	0	0	0	0
11	25	0	0	0	0	0
12	3	16	6	0	0	0
13	0	1	3	13	7	1
14	0	16	7	2	0	0
15	23	2	0	0	0	0
16	25	0	0	0	0	0
17	25	0	0	0	0	0
18	25	0	0	0	0	0
19	9	16	0	0	0	0
20	0	0	0	0	12	13
21	0	0	0	0	0	25
22	0	0	0	0	0	25
23	0	0	0	0	0	25
24	0	0	0	0	0	25
25	0	0	0	0	0	25
26	0	0	0	0	0	25
27	0	0	0	0	0	25
28	0	0	0	0	0	25
daily	0	0	22	3	0	0

