Passenger Wait Time [s]
hour	n	avg	sd		min	2%ile	5%ile	25%ile	50%ile	75%ile	95%ile	98%ile	max
6	8	143.4	99.4		43	43	43	71	129	165	364	364	364
7	20	131.9	62.6		49	49	49	68	131	183	236	237	237
8	39	89.6	54.0		1	1	1	54	88	129	204	230	230
9	40	84.4	48.9		1	1	2	40	86	120	170	210	210
10	41	77.0	75.5		1	1	1	34	61	99	309	358	358
11	28	80.1	42.4		23	23	25	47	78	101	167	176	176
12	8	103.6	63.1		18	18	18	40	116	153	194	194	194
13	17	45.4	28.4		1	1	1	30	40	68	99	99	99
14	45	124.2	63.7		1	1	1	80	132	171	235	247	247
15	36	134.4	113.7		1	1	1	40	104	220	362	386	386
16	48	108.5	75.8		1	1	1	44	95	174	258	287	287
17	39	141.6	115.7		1	1	1	76	101	193	411	427	427
18	24	122.6	101.1		1	1	1	45	99	191	373	402	402
19	15	86.9	77.7		1	1	1	36	63	109	299	299	299
20	0	NaN	NaN		NaN	NaN	NaN	NaN	NaN	NaN	NaN	NaN	NaN
21	0	NaN	NaN		NaN	NaN	NaN	NaN	NaN	NaN	NaN	NaN	NaN
22	0	NaN	NaN		NaN	NaN	NaN	NaN	NaN	NaN	NaN	NaN	NaN
23	0	NaN	NaN		NaN	NaN	NaN	NaN	NaN	NaN	NaN	NaN	NaN
24	0	NaN	NaN		NaN	NaN	NaN	NaN	NaN	NaN	NaN	NaN	NaN
25	0	NaN	NaN		NaN	NaN	NaN	NaN	NaN	NaN	NaN	NaN	NaN
26	0	NaN	NaN		NaN	NaN	NaN	NaN	NaN	NaN	NaN	NaN	NaN
27	0	NaN	NaN		NaN	NaN	NaN	NaN	NaN	NaN	NaN	NaN	NaN
28	0	NaN	NaN		NaN	NaN	NaN	NaN	NaN	NaN	NaN	NaN	NaN
daily	408	105.5	81.0		1	1	1	48	90	143	285	356	427

Vehicle Empty Drive Ratio
hour	fleetAvg	avg	sd		min	2%ile	5%ile	25%ile	50%ile	75%ile	95%ile	98%ile	max
6	0.3829	0.5561	0.3785		0.136	0.136	0.136	0.180	0.559	0.962	1.000	1.000	1.000
7	0.2974	0.3144	0.2178		0.000	0.000	0.000	0.180	0.297	0.403	0.749	0.749	0.749
8	0.2248	0.2826	0.2417		0.000	0.000	0.000	0.201	0.236	0.288	1.000	1.000	1.000
9	0.2108	0.2110	0.1217		0.000	0.000	0.000	0.117	0.224	0.329	0.405	0.417	0.417
10	0.1692	0.1692	0.1317		0.000	0.000	0.000	0.087	0.139	0.235	0.519	0.537	0.537
11	0.2132	0.2659	0.2277		0.056	0.056	0.056	0.150	0.179	0.305	1.000	1.000	1.000
12	0.1883	0.2053	0.2671		0.000	0.000	0.000	0.000	0.114	0.304	0.785	0.785	0.785
13	0.1014	0.0909	0.0835		0.000	0.000	0.000	0.000	0.083	0.164	0.226	0.226	0.226
14	0.2310	0.2352	0.1164		0.000	0.000	0.062	0.179	0.232	0.254	0.567	0.591	0.591
15	0.2871	0.2656	0.1853		0.000	0.000	0.000	0.115	0.197	0.425	0.587	0.589	0.589
16	0.2424	0.2312	0.1359		0.000	0.000	0.003	0.109	0.237	0.348	0.486	0.498	0.498
17	0.2891	0.2893	0.1450		0.043	0.043	0.046	0.177	0.255	0.449	0.517	0.518	0.518
18	0.2518	0.2194	0.1568		0.000	0.000	0.000	0.082	0.219	0.301	0.522	0.522	0.522
19	0.1920	0.1851	0.1379		0.000	0.000	0.000	0.127	0.169	0.268	0.489	0.489	0.489
20	0.2113	0.0977	0.1954		0.000	0.000	0.000	0.000	0.000	0.293	0.391	0.391	0.391
21	NaN	NaN	NaN		NaN	NaN	NaN	NaN	NaN	NaN	NaN	NaN	NaN
22	NaN	NaN	NaN		NaN	NaN	NaN	NaN	NaN	NaN	NaN	NaN	NaN
23	NaN	NaN	NaN		NaN	NaN	NaN	NaN	NaN	NaN	NaN	NaN	NaN
24	NaN	NaN	NaN		NaN	NaN	NaN	NaN	NaN	NaN	NaN	NaN	NaN
25	NaN	NaN	NaN		NaN	NaN	NaN	NaN	NaN	NaN	NaN	NaN	NaN
26	NaN	NaN	NaN		NaN	NaN	NaN	NaN	NaN	NaN	NaN	NaN	NaN
27	NaN	NaN	NaN		NaN	NaN	NaN	NaN	NaN	NaN	NaN	NaN	NaN
28	NaN	NaN	NaN		NaN	NaN	NaN	NaN	NaN	NaN	NaN	NaN	NaN
daily	0.2328	0.2270	0.0518		0.080	0.081	0.148	0.195	0.223	0.254	0.327	0.355	0.356

Vehicle Wait Ratio
hour	fleetAvg	avg	sd		min	2%ile	5%ile	25%ile	50%ile	75%ile	95%ile	98%ile	max
6	0.9773	0.9773	0.0666		0.683	0.684	0.770	1.000	1.000	1.000	1.000	1.000	1.000
7	0.9311	0.9311	0.1056		0.642	0.642	0.670	0.845	1.000	1.000	1.000	1.000	1.000
8	0.8884	0.8884	0.1374		0.436	0.439	0.629	0.796	0.984	1.000	1.000	1.000	1.000
9	0.8617	0.8617	0.1536		0.362	0.367	0.595	0.755	0.878	1.000	1.000	1.000	1.000
10	0.8527	0.8527	0.1480		0.476	0.477	0.542	0.757	0.874	1.000	1.000	1.000	1.000
11	0.9154	0.9154	0.1310		0.519	0.520	0.618	0.839	1.000	1.000	1.000	1.000	1.000
12	0.9665	0.9665	0.0679		0.717	0.717	0.799	0.983	1.000	1.000	1.000	1.000	1.000
13	0.9432	0.9432	0.0943		0.672	0.672	0.682	0.868	1.000	1.000	1.000	1.000	1.000
14	0.8213	0.8213	0.1257		0.458	0.461	0.630	0.736	0.790	0.936	1.000	1.000	1.000
15	0.8756	0.8756	0.1767		0.386	0.387	0.475	0.738	1.000	1.000	1.000	1.000	1.000
16	0.8309	0.8309	0.2092		0.347	0.348	0.417	0.655	1.000	1.000	1.000	1.000	1.000
17	0.8703	0.8703	0.1857		0.402	0.403	0.467	0.755	1.000	1.000	1.000	1.000	1.000
18	0.8931	0.8931	0.1685		0.507	0.507	0.516	0.804	1.000	1.000	1.000	1.000	1.000
19	0.9536	0.9536	0.1198		0.264	0.274	0.790	1.000	1.000	1.000	1.000	1.000	1.000
20	0.9933	0.9933	0.0292		0.823	0.824	0.938	1.000	1.000	1.000	1.000	1.000	1.000
21	1.0000	1.0000	0.0000		1.000	1.000	1.000	1.000	1.000	1.000	1.000	1.000	1.000
22	1.0000	1.0000	0.0000		1.000	1.000	1.000	1.000	1.000	1.000	1.000	1.000	1.000
23	1.0000	1.0000	0.0000		1.000	1.000	1.000	1.000	1.000	1.000	1.000	1.000	1.000
24	1.0000	1.0000	0.0000		1.000	1.000	1.000	1.000	1.000	1.000	1.000	1.000	1.000
25	1.0000	1.0000	0.0000		1.000	1.000	1.000	1.000	1.000	1.000	1.000	1.000	1.000
26	1.0000	1.0000	0.0000		1.000	1.000	1.000	1.000	1.000	1.000	1.000	1.000	1.000
27	1.0000	1.0000	0.0000		1.000	1.000	1.000	1.000	1.000	1.000	1.000	1.000	1.000
28	1.0000	1.0000	0.0000		1.000	1.000	1.000	1.000	1.000	1.000	1.000	1.000	1.000
daily	0.9380	0.9380	0.0331		0.851	0.851	0.880	0.916	0.941	0.965	0.983	0.988	0.988

Total duration of tasks by type [h]
hour	EMPTY_DRIVE	PICKUP	OCCUPIED_DRIVE	DROPOFF	STAY	all
6	0.32	0.26	0.51	0.05	48.87	50.00
7	0.73	0.68	1.72	0.32	46.56	50.00
8	0.87	1.14	2.99	0.59	44.42	50.00
9	1.00	1.42	3.76	0.73	43.08	50.00
10	0.88	1.43	4.33	0.72	42.63	50.00
11	0.62	0.93	2.27	0.42	45.77	50.00
12	0.23	0.28	0.98	0.18	48.33	50.00
13	0.20	0.53	1.80	0.30	47.16	50.00
14	1.55	1.53	5.15	0.72	41.07	50.00
15	1.31	1.11	3.25	0.55	43.78	50.00
16	1.46	1.65	4.56	0.78	41.54	50.00
17	1.36	1.18	3.34	0.62	43.51	50.00
18	0.98	0.97	2.90	0.50	44.65	50.00
19	0.31	0.47	1.30	0.25	47.68	50.00
20	0.05	0.03	0.19	0.07	49.66	50.00
21	0.00	0.00	0.00	0.00	50.00	50.00
22	0.00	0.00	0.00	0.00	50.00	50.00
23	0.00	0.00	0.00	0.00	50.00	50.00
24	0.00	0.00	0.00	0.00	50.00	50.00
25	0.00	0.00	0.00	0.00	50.00	50.00
26	0.00	0.00	0.00	0.00	50.00	50.00
27	0.00	0.00	0.00	0.00	50.00	50.00
28	0.00	0.00	0.00	0.00	50.00	50.00
daily	11.85	13.60	39.04	6.80	1078.72	1150.00

