Passenger Wait Time [min]
hour	0.00+	2.50+	5.00+	7.50+	10.00+	12.50+	15.00+	17.50+	20.00+	22.50+	25.00+	27.50+	30.00+	32.50+	35.00+	37.50+	40.00+	42.50+	45.00+	47.50+	50.00+	52.50+	55.00+	57.50+	60.00+
0	98	205	269	249	153	100	75	40	14	8	12	2	2	1	2	1	0	0	0	0	0	0	0	0	0
1	105	148	247	198	121	93	43	26	15	13	5	9	21	9	1	5	2	0	0	0	0	0	0	0	0
2	60	107	223	168	108	77	82	46	33	17	3	6	10	17	4	7	4	0	0	0	0	0	0	0	0
3	51	108	165	163	104	74	67	28	49	30	11	9	12	6	1	2	1	0	0	0	0	0	0	0	0
4	50	81	148	155	107	74	80	39	23	18	23	12	18	34	11	8	4	0	0	0	0	0	0	0	0
5	56	65	109	116	59	55	29	32	15	17	15	14	28	24	3	9	3	0	0	0	0	0	0	0	0
6	236	40	64	35	31	24	19	12	24	16	11	2	11	14	0	0	0	0	0	0	0	0	0	0	0
7	566	87	58	47	33	38	13	22	23	30	36	35	38	31	5	2	3	0	0	0	0	0	0	0	0
8	1054	219	82	50	35	42	16	18	36	25	57	73	57	34	16	5	3	0	0	0	0	0	0	0	0
9	1321	362	146	102	56	58	25	15	6	7	16	9	12	4	1	2	0	0	0	0	0	0	0	0	0
10	1351	182	131	87	45	46	16	32	2	3	3	3	7	2	0	0	0	0	0	0	0	0	0	0	0
11	1457	188	143	78	49	62	19	17	5	5	14	3	5	0	0	0	0	0	0	0	0	0	0	0	0
12	1629	250	153	103	30	47	21	11	2	0	8	2	9	1	0	0	0	0	0	0	0	0	0	0	0
13	1559	241	128	106	42	56	18	30	12	0	16	5	11	2	0	0	0	0	0	0	0	0	0	0	0
14	1532	254	114	112	68	69	24	15	9	3	4	1	13	2	2	0	0	0	0	0	0	0	0	0	0
15	1517	294	124	99	42	41	22	12	4	2	8	0	8	0	0	0	0	0	0	0	0	0	0	0	0
16	1554	397	204	192	55	63	21	29	14	5	22	9	11	7	2	0	0	0	0	0	0	0	0	0	0
17	1697	404	194	175	37	51	16	9	3	2	14	7	8	0	0	0	0	0	0	0	0	0	0	0	0
18	1466	339	236	156	41	44	17	13	4	0	3	1	4	1	0	0	0	0	0	0	0	0	0	0	0
19	1091	319	146	132	60	46	14	2	3	0	2	1	2	0	0	0	0	0	0	0	0	0	0	0	0
20	823	188	121	141	77	46	37	14	7	4	15	0	4	0	0	0	0	0	0	0	0	0	0	0	0
21	743	192	54	110	48	41	14	11	1	0	0	0	0	0	0	0	0	0	0	0	0	0	0	0	0
22	496	189	55	67	38	35	23	22	0	2	2	2	0	1	0	0	0	0	0	0	0	0	0	0	0
23	330	130	34	44	20	20	15	11	4	4	2	0	2	0	0	0	0	0	0	0	0	0	0	0	0
24	0	0	0	0	0	0	0	0	0	0	0	0	0	0	0	0	0	0	0	0	0	0	0	0	0
daily	20842	4989	3348	2885	1459	1302	726	506	308	211	302	205	293	190	48	41	20	0	0	0	0	0	0	0	0

Vehicle Empty Drive Ratio
hour	0.00+	0.05+	0.10+	0.15+	0.20+	0.25+	0.30+	0.35+	0.40+	0.45+	0.50+	0.55+	0.60+	0.65+	0.70+	0.75+	0.80+	0.85+	0.90+	0.95+
0	0	2	7	14	36	45	52	57	55	58	54	55	44	19	27	14	8	6	1	13
1	68	14	25	43	27	43	56	51	47	46	40	23	18	15	13	8	7	4	3	25
2	56	12	31	32	29	34	41	40	60	48	45	20	27	15	23	20	11	3	5	18
3	77	11	17	29	25	21	40	38	46	40	36	31	19	18	14	3	6	2	1	48
4	51	5	8	5	26	23	42	32	52	45	35	40	28	24	20	10	15	8	7	27
5	49	15	17	23	24	31	42	47	35	27	28	34	19	27	13	14	10	11	2	23
6	93	10	15	15	25	17	14	18	14	22	11	8	9	10	15	10	3	5	4	54
7	67	12	29	23	24	27	37	27	18	26	15	13	20	13	9	7	15	27	11	114
8	72	27	47	30	61	44	41	38	36	36	33	33	30	21	23	33	35	38	27	111
9	140	40	55	71	64	61	69	54	46	53	54	35	32	16	7	9	9	7	8	5
10	209	35	67	55	57	57	57	45	44	37	24	19	19	5	7	2	3	2	2	4
11	252	44	65	52	55	39	60	36	49	37	35	19	12	10	9	4	3	1	0	10
12	252	38	59	57	66	58	68	50	40	33	24	13	9	8	6	3	3	4	1	8
13	232	33	55	74	59	47	54	61	50	27	26	14	15	12	11	4	7	8	0	19
14	219	41	54	70	71	53	74	50	37	41	30	15	14	6	7	7	1	2	1	20
15	237	32	64	73	58	60	70	43	40	40	29	10	11	9	9	3	4	0	1	1
16	144	41	53	70	74	76	70	64	56	61	41	34	23	15	12	16	12	7	10	24
17	246	38	51	70	77	55	64	55	55	62	49	33	20	12	6	5	4	3	1	6
18	212	33	60	56	62	53	60	62	56	56	35	38	22	14	4	5	1	3	3	0
19	144	27	67	49	67	66	64	57	58	33	35	22	10	8	1	2	0	0	1	0
20	109	25	31	40	54	58	55	62	53	36	29	28	9	7	4	7	2	3	3	15
21	151	26	49	49	43	43	46	36	35	22	26	17	9	10	5	0	0	0	0	0
22	85	16	26	32	37	30	42	40	46	27	20	8	6	7	2	0	0	2	0	5
23	90	10	18	34	27	33	28	23	20	19	7	8	0	1	0	0	0	2	2	2
24	65	0	1	0	0	0	1	0	0	0	0	0	0	0	0	0	0	0	0	0
daily	0	0	2	9	58	170	312	299	116	16	4	1	0	0	0	0	0	0	0	0

Vehicle Wait Ratio
hour	0.00+	0.05+	0.10+	0.15+	0.20+	0.25+	0.30+	0.35+	0.40+	0.45+	0.50+	0.55+	0.60+	0.65+	0.70+	0.75+	0.80+	0.85+	0.90+	0.95+
0	91	45	40	36	17	117	31	26	21	7	95	9	2	3	1	26	0	0	0	433
1	152	57	53	49	37	25	14	24	15	14	55	9	11	7	9	21	4	9	4	431
2	187	65	34	45	32	51	21	14	11	8	31	3	6	8	10	26	5	5	5	433
3	167	45	30	29	22	28	17	14	15	11	30	8	5	13	9	56	5	4	10	482
4	223	44	32	25	24	47	7	3	5	6	22	5	9	3	6	20	8	7	3	501
5	79	53	68	57	34	45	17	20	20	16	48	2	6	4	2	3	8	2	4	512
6	2	5	7	15	23	25	31	25	16	24	41	28	23	14	9	53	6	10	9	634
7	7	14	15	24	56	52	63	55	45	28	53	10	10	3	1	97	0	1	0	466
8	5	16	36	64	70	96	108	99	86	46	90	14	10	1	0	75	0	0	0	184
9	16	16	32	35	75	88	96	76	97	85	60	40	28	18	19	24	9	13	7	166
10	3	14	29	43	48	75	75	56	62	70	75	57	40	21	20	22	12	16	6	256
11	3	13	25	45	57	70	66	70	74	70	60	45	34	21	24	44	23	32	13	211
12	5	9	29	37	66	73	91	88	77	74	88	57	39	21	10	21	6	4	4	201
13	9	11	27	49	59	80	66	82	75	62	93	68	40	22	10	39	4	7	4	193
14	8	11	30	65	75	55	80	92	77	69	73	63	27	22	5	35	15	7	4	187
15	10	23	24	38	61	80	68	82	93	81	63	61	25	25	20	18	7	5	8	208
16	6	13	43	52	88	92	101	90	116	98	79	53	21	16	9	23	2	1	0	97
17	7	18	21	43	60	89	113	99	116	96	88	63	29	19	21	14	5	2	7	90
18	6	7	15	32	50	63	95	91	95	96	86	64	40	27	17	23	7	13	7	166
19	5	10	20	40	41	51	75	61	57	74	74	53	31	26	23	30	21	10	7	291
20	18	17	27	38	37	46	55	52	44	55	61	36	36	18	13	40	21	14	0	372
21	7	12	15	26	39	27	52	55	54	43	42	28	35	32	18	22	30	18	8	437
22	8	10	15	36	23	42	34	36	33	34	30	21	31	17	17	16	12	3	11	571
23	2	5	13	20	28	18	22	24	23	29	23	19	18	29	7	18	7	11	5	679
24	70	0	0	0	0	0	0	0	0	0	0	0	0	0	0	0	0	0	0	0
daily	0	0	0	0	6	53	67	55	50	70	73	89	115	133	93	76	57	28	17	18

Vehicle Wait Ratio Counts
hour	0.00+	0.01+	0.25+	0.50+	0.75+	1.00+
0	52	177	202	110	26	433
1	86	262	92	91	47	422
2	130	233	105	58	44	430
3	129	164	85	65	80	477
4	167	181	68	45	43	496
5	43	248	118	62	23	506
6	0	52	121	115	84	628
7	2	114	243	77	98	466
8	2	189	435	115	75	184
9	5	169	442	165	54	165
10	0	137	338	213	65	247
11	2	141	350	184	116	207
12	1	145	403	215	37	199
13	3	152	365	233	55	192
14	5	184	373	190	61	187
15	2	154	404	194	40	206
16	2	200	497	178	26	97
17	1	148	513	220	30	88
18	4	106	440	234	51	165
19	2	114	318	207	72	287
20	5	132	252	164	78	369
21	3	96	231	155	83	432
22	2	90	179	116	46	567
23	0	68	116	96	49	671
24	70	0	0	0	0	0
daily	0	6	295	503	183	13

