Passenger Wait Time [s]
hour	n	avg	sd		min	2%ile	5%ile	25%ile	50%ile	75%ile	95%ile	98%ile	max
0	1231	529.8	324.1		5	27	108	302	476	687	1111	1372	2256
1	1061	565.4	423.3		3	11	52	309	466	721	1484	1903	2446
2	972	652.7	456.6		11	37	122	348	523	864	1619	2060	2458
3	881	664.3	431.6		11	34	122	351	558	887	1496	1832	2503
4	885	766.0	539.7		3	39	128	383	617	968	2048	2231	2509
5	649	762.8	581.8		11	11	77	350	564	1032	2040	2235	2537
6	539	467.4	555.6		11	11	11	11	282	736	1678	1992	2075
7	1067	485.6	655.4		11	11	11	11	121	765	1911	2038	2450
8	1822	414.1	636.1		11	11	11	11	104	473	1884	2044	2437
9	2142	206.5	338.7		11	11	11	11	21	258	861	1507	2386
10	1910	170.4	292.4		11	11	11	11	11	217	783	1131	2017
11	2045	167.4	293.0		11	11	11	11	11	213	792	1157	1940
12	2266	146.2	266.7		11	11	11	11	11	196	653	1003	1974
13	2226	173.0	316.2		11	11	11	11	11	216	804	1206	2043
14	2222	175.5	307.6		11	11	11	11	11	234	794	1160	2131
15	2173	151.8	264.3		11	11	11	11	11	216	708	1018	1920
16	2585	214.7	340.8		11	11	11	11	11	294	837	1480	2123
17	2617	167.0	272.6		11	11	11	11	11	251	671	956	1875
18	2325	168.5	248.6		11	11	11	11	11	269	665	886	2033
19	1818	180.0	243.8		11	11	11	11	28	272	710	825	1846
20	1477	250.3	332.7		11	11	11	11	107	428	936	1306	1863
21	1214	191.1	261.1		11	11	11	11	11	275	781	929	1216
22	932	240.6	315.8		11	11	11	11	122	361	929	1106	1978
23	616	236.8	327.0		11	11	11	11	127	302	940	1253	1897
24	0	NaN	NaN		NaN	NaN	NaN	NaN	NaN	NaN	NaN	NaN	NaN
daily	37675	276.0	405.0		3	11	11	11	99	407	1119	1688	2537

Vehicle Empty Drive Ratio
hour	fleetAvg	avg	sd		min	2%ile	5%ile	25%ile	50%ile	75%ile	95%ile	98%ile	max
0	0.4504	0.4762	0.1855		0.055	0.157	0.210	0.334	0.464	0.591	0.799	1.000	1.000
1	0.3825	0.3768	0.2495		0.000	0.000	0.000	0.194	0.364	0.511	0.877	1.000	1.000
2	0.4212	0.4062	0.2503		0.000	0.000	0.000	0.230	0.415	0.549	0.828	1.000	1.000
3	0.4110	0.4104	0.2853		0.000	0.000	0.000	0.194	0.403	0.561	1.000	1.000	1.000
4	0.4791	0.4655	0.2588		0.000	0.000	0.000	0.310	0.457	0.624	0.962	1.000	1.000
5	0.4383	0.4230	0.2639		0.000	0.000	0.000	0.236	0.400	0.595	0.917	1.000	1.000
6	0.3962	0.4001	0.3495		0.000	0.000	0.000	0.043	0.338	0.681	1.000	1.000	1.000
7	0.4710	0.5104	0.3556		0.000	0.000	0.000	0.209	0.452	0.881	1.000	1.000	1.000
8	0.4953	0.5001	0.3271		0.000	0.000	0.000	0.223	0.467	0.808	1.000	1.000	1.000
9	0.3377	0.3096	0.2318		0.000	0.000	0.000	0.127	0.288	0.479	0.730	0.880	1.000
10	0.2670	0.2342	0.2115		0.000	0.000	0.000	0.000	0.205	0.377	0.613	0.717	1.000
11	0.2593	0.2292	0.2259		0.000	0.000	0.000	0.000	0.185	0.380	0.640	0.766	1.000
12	0.2408	0.2211	0.2143		0.000	0.000	0.000	0.000	0.194	0.352	0.606	0.807	1.000
13	0.2704	0.2541	0.2432		0.000	0.000	0.000	0.000	0.206	0.391	0.735	0.969	1.000
14	0.2703	0.2492	0.2315		0.000	0.000	0.000	0.007	0.217	0.381	0.684	1.000	1.000
15	0.2456	0.2210	0.2010		0.000	0.000	0.000	0.000	0.192	0.352	0.582	0.728	0.951
16	0.3279	0.3266	0.2496		0.000	0.000	0.000	0.147	0.296	0.472	0.815	1.000	1.000
17	0.2862	0.2571	0.2211		0.000	0.000	0.000	0.013	0.230	0.426	0.630	0.770	1.000
18	0.2867	0.2607	0.2145		0.000	0.000	0.000	0.039	0.246	0.421	0.623	0.705	0.916
19	0.2825	0.2545	0.1867		0.000	0.000	0.000	0.106	0.252	0.394	0.571	0.631	0.909
20	0.3319	0.3083	0.2298		0.000	0.000	0.000	0.139	0.296	0.431	0.728	1.000	1.000
21	0.2630	0.2318	0.1964		0.000	0.000	0.000	0.000	0.210	0.378	0.587	0.667	0.749
22	0.3004	0.2768	0.2047		0.000	0.000	0.000	0.110	0.277	0.416	0.604	0.715	1.000
23	0.2776	0.2277	0.1976		0.000	0.000	0.000	0.000	0.225	0.357	0.532	0.763	1.000
24	0.0056	0.0071	0.0423		0.000	0.000	0.000	0.000	0.000	0.000	0.015	0.253	0.323
daily	0.3433	0.3394	0.0585		0.132	0.214	0.241	0.303	0.341	0.380	0.429	0.452	0.568

Vehicle Wait Ratio
hour	fleetAvg	avg	sd		min	2%ile	5%ile	25%ile	50%ile	75%ile	95%ile	98%ile	max
0	0.5917	0.5917	0.3883		0.003	0.003	0.008	0.253	0.503	1.000	1.000	1.000	1.000
1	0.5752	0.5752	0.4138		0.000	0.000	0.003	0.134	0.576	1.000	1.000	1.000	1.000
2	0.5597	0.5597	0.4269		0.000	0.000	0.001	0.097	0.562	1.000	1.000	1.000	1.000
3	0.6277	0.6276	0.4147		0.000	0.000	0.000	0.167	0.808	1.000	1.000	1.000	1.000
4	0.5968	0.5968	0.4407		0.000	0.000	0.000	0.081	0.967	1.000	1.000	1.000	1.000
5	0.6320	0.6320	0.4034		0.000	0.000	0.018	0.198	1.000	1.000	1.000	1.000	1.000
6	0.8171	0.8171	0.2736		0.035	0.161	0.247	0.619	1.000	1.000	1.000	1.000	1.000
7	0.6895	0.6895	0.3259		0.003	0.094	0.172	0.372	0.753	1.000	1.000	1.000	1.000
8	0.4909	0.4909	0.2871		0.001	0.094	0.142	0.280	0.403	0.753	1.000	1.000	1.000
9	0.5016	0.5016	0.2814		0.003	0.056	0.129	0.296	0.432	0.662	1.000	1.000	1.000
10	0.5773	0.5773	0.2986		0.010	0.104	0.153	0.325	0.512	0.984	1.000	1.000	1.000
11	0.5705	0.5705	0.2925		0.003	0.108	0.162	0.325	0.505	0.859	1.000	1.000	1.000
12	0.5293	0.5293	0.2805		0.000	0.106	0.163	0.315	0.460	0.673	1.000	1.000	1.000
13	0.5326	0.5326	0.2820		0.003	0.099	0.152	0.315	0.483	0.738	1.000	1.000	1.000
14	0.5200	0.5200	0.2851		0.000	0.109	0.150	0.303	0.454	0.740	1.000	1.000	1.000
15	0.5331	0.5331	0.2894		0.003	0.076	0.136	0.312	0.465	0.737	1.000	1.000	1.000
16	0.4421	0.4421	0.2367		0.000	0.101	0.136	0.279	0.405	0.528	1.000	1.000	1.000
17	0.4597	0.4597	0.2309		0.003	0.086	0.159	0.306	0.418	0.550	1.000	1.000	1.000
18	0.5333	0.5333	0.2616		0.003	0.134	0.189	0.340	0.476	0.683	1.000	1.000	1.000
19	0.6091	0.6091	0.2997		0.003	0.121	0.174	0.356	0.545	1.000	1.000	1.000	1.000
20	0.6440	0.6440	0.3226		0.003	0.054	0.133	0.365	0.622	1.000	1.000	1.000	1.000
21	0.7011	0.7011	0.3092		0.003	0.100	0.186	0.418	0.782	1.000	1.000	1.000	1.000
22	0.7571	0.7571	0.3144		0.003	0.105	0.168	0.467	1.000	1.000	1.000	1.000	1.000
23	0.8281	0.8281	0.2791		0.024	0.149	0.219	0.658	1.000	1.000	1.000	1.000	1.000
24	0.0000	0.0000	0.0000		0.000	0.000	0.000	0.000	0.000	0.000	0.000	0.000	0.000
daily	0.5963	0.5964	0.1772		0.223	0.272	0.294	0.467	0.615	0.724	0.865	0.947	1.000

Total duration of tasks by type [h]
hour	EMPTY_DRIVE	PICKUP	OCCUPIED_DRIVE	DROPOFF	STAY	all
0	160.73	37.55	196.17	13.87	591.68	1000.00
1	142.89	33.52	230.66	17.69	575.23	1000.00
2	164.62	32.86	226.23	16.62	559.66	1000.00
3	135.23	28.54	193.77	14.80	627.65	1000.00
4	171.93	29.85	186.90	14.54	596.79	1000.00
5	143.77	26.03	184.22	13.99	631.99	1000.00
6	62.16	16.63	94.73	9.36	817.12	1000.00
7	122.58	33.67	137.65	16.59	689.51	1000.00
8	207.33	60.85	211.26	29.64	490.93	1000.00
9	130.70	74.14	256.33	37.26	501.57	1000.00
10	87.01	64.57	238.89	32.22	577.31	1000.00
11	85.16	67.53	243.29	33.55	570.46	1000.00
12	85.84	75.83	270.70	38.29	529.34	1000.00
13	96.67	73.88	260.86	35.98	532.61	1000.00
14	99.79	73.78	269.39	37.03	520.01	1000.00
15	87.58	73.29	269.00	37.02	533.11	1000.00
16	140.96	85.54	288.98	42.45	442.07	1000.00
17	116.60	88.08	290.74	44.86	459.73	1000.00
18	100.52	77.40	250.06	38.69	533.33	1000.00
19	84.62	60.80	214.88	30.59	609.11	1000.00
20	94.32	48.21	189.82	23.70	643.95	1000.00
21	62.28	40.84	174.55	21.25	701.07	1000.00
22	58.75	31.46	136.83	15.85	757.12	1000.00
23	38.90	20.85	101.24	10.94	828.07	1000.00
24	0.06	0.14	10.65	1.13	0.00	11.98
daily	2681.01	1255.83	5127.79	627.92	14319.43	24011.98

