Passenger Wait Time [s]
hour	n	avg	sd		min	2%ile	5%ile	25%ile	50%ile	75%ile	95%ile	98%ile	max
6	37	118.3	74.5		4	4	7	69	122	155	268	371	371
7	102	197.2	118.4		24	32	48	113	183	261	421	545	737
8	147	528.9	1035.5		2	37	77	166	284	509	1921	4091	10513
9	189	1482.0	2116.4		1	80	106	257	538	1765	7443	9290	10243
10	157	1444.6	1679.4		28	94	117	239	748	1915	5407	6345	6902
11	114	769.9	821.2		59	69	96	212	409	1041	2486	3451	4389
12	60	301.5	392.5		2	4	11	92	164	335	1288	2083	2235
13	52	119.2	68.6		8	8	13	64	111	172	229	290	294
14	110	229.6	144.8		3	13	54	124	211	284	519	724	826
15	163	874.2	2056.6		37	63	105	208	347	641	3526	11635	15997
16	208	2137.7	3135.0		25	70	89	267	647	2485	10233	11551	12901
17	141	1235.8	1952.4		18	46	69	183	368	1338	6300	8146	8768
18	111	709.4	1156.1		50	59	78	165	268	573	3863	5035	5873
19	49	245.6	162.1		52	52	66	124	208	332	668	777	777
20	0	NaN	NaN		NaN	NaN	NaN	NaN	NaN	NaN	NaN	NaN	NaN
21	0	NaN	NaN		NaN	NaN	NaN	NaN	NaN	NaN	NaN	NaN	NaN
22	0	NaN	NaN		NaN	NaN	NaN	NaN	NaN	NaN	NaN	NaN	NaN
23	0	NaN	NaN		NaN	NaN	NaN	NaN	NaN	NaN	NaN	NaN	NaN
24	0	NaN	NaN		NaN	NaN	NaN	NaN	NaN	NaN	NaN	NaN	NaN
25	0	NaN	NaN		NaN	NaN	NaN	NaN	NaN	NaN	NaN	NaN	NaN
26	0	NaN	NaN		NaN	NaN	NaN	NaN	NaN	NaN	NaN	NaN	NaN
27	0	NaN	NaN		NaN	NaN	NaN	NaN	NaN	NaN	NaN	NaN	NaN
28	0	NaN	NaN		NaN	NaN	NaN	NaN	NaN	NaN	NaN	NaN	NaN
daily	1640	974.8	1846.5		1	42	69	166	304	775	4746	8101	15997

Vehicle Empty Drive Ratio
hour	fleetAvg	avg	sd		min	2%ile	5%ile	25%ile	50%ile	75%ile	95%ile	98%ile	max
6	0.2564	0.2828	0.1956		0.102	0.102	0.103	0.193	0.234	0.300	0.951	1.000	1.000
7	0.3760	0.3781	0.0947		0.181	0.181	0.202	0.311	0.377	0.444	0.580	0.582	0.582
8	0.3394	0.3386	0.0884		0.170	0.170	0.175	0.282	0.334	0.392	0.527	0.549	0.549
9	0.2576	0.2573	0.0634		0.135	0.135	0.139	0.225	0.265	0.288	0.381	0.383	0.383
10	0.1981	0.1988	0.0648		0.034	0.034	0.056	0.174	0.200	0.241	0.318	0.319	0.319
11	0.2652	0.2653	0.0692		0.169	0.169	0.169	0.203	0.254	0.323	0.404	0.425	0.425
12	0.3534	0.3523	0.0910		0.190	0.190	0.192	0.283	0.360	0.411	0.497	0.498	0.498
13	0.2476	0.2515	0.1379		0.000	0.000	0.011	0.161	0.260	0.311	0.579	0.615	0.615
14	0.3719	0.3741	0.0670		0.268	0.268	0.274	0.332	0.357	0.412	0.523	0.532	0.532
15	0.3459	0.3451	0.0594		0.216	0.216	0.224	0.305	0.353	0.397	0.439	0.440	0.440
16	0.1850	0.1862	0.0490		0.068	0.068	0.083	0.149	0.199	0.232	0.246	0.247	0.247
17	0.2231	0.2226	0.0468		0.134	0.134	0.139	0.190	0.224	0.245	0.328	0.337	0.337
18	0.3217	0.3214	0.0553		0.180	0.180	0.196	0.300	0.316	0.342	0.420	0.421	0.421
19	0.4005	0.3997	0.0824		0.160	0.160	0.188	0.371	0.398	0.467	0.540	0.562	0.562
20	0.1671	0.0653	0.1598		0.000	0.000	0.000	0.000	0.000	0.098	0.392	0.392	0.392
21	NaN	NaN	NaN		NaN	NaN	NaN	NaN	NaN	NaN	NaN	NaN	NaN
22	NaN	NaN	NaN		NaN	NaN	NaN	NaN	NaN	NaN	NaN	NaN	NaN
23	NaN	NaN	NaN		NaN	NaN	NaN	NaN	NaN	NaN	NaN	NaN	NaN
24	NaN	NaN	NaN		NaN	NaN	NaN	NaN	NaN	NaN	NaN	NaN	NaN
25	NaN	NaN	NaN		NaN	NaN	NaN	NaN	NaN	NaN	NaN	NaN	NaN
26	NaN	NaN	NaN		NaN	NaN	NaN	NaN	NaN	NaN	NaN	NaN	NaN
27	NaN	NaN	NaN		NaN	NaN	NaN	NaN	NaN	NaN	NaN	NaN	NaN
28	NaN	NaN	NaN		NaN	NaN	NaN	NaN	NaN	NaN	NaN	NaN	NaN
daily	0.2981	0.2981	0.0220		0.262	0.262	0.263	0.280	0.298	0.312	0.343	0.344	0.344

Vehicle Wait Ratio
hour	fleetAvg	avg	sd		min	2%ile	5%ile	25%ile	50%ile	75%ile	95%ile	98%ile	max
6	0.7534	0.7534	0.1520		0.467	0.467	0.482	0.656	0.725	0.849	1.000	1.000	1.000
7	0.2781	0.2781	0.1051		0.086	0.086	0.091	0.196	0.304	0.363	0.447	0.457	0.457
8	0.0278	0.0278	0.0358		0.000	0.000	0.000	0.000	0.019	0.037	0.137	0.156	0.156
9	0.0000	0.0000	0.0000		0.000	0.000	0.000	0.000	0.000	0.000	0.000	0.000	0.000
10	0.0000	0.0000	0.0000		0.000	0.000	0.000	0.000	0.000	0.000	0.000	0.000	0.000
11	0.0000	0.0000	0.0000		0.000	0.000	0.000	0.000	0.000	0.000	0.000	0.000	0.000
12	0.1798	0.1798	0.1121		0.000	0.000	0.006	0.104	0.173	0.259	0.412	0.421	0.421
13	0.6408	0.6408	0.1942		0.205	0.205	0.232	0.528	0.631	0.839	0.964	1.000	1.000
14	0.2182	0.2182	0.1259		0.040	0.040	0.042	0.118	0.196	0.330	0.484	0.528	0.528
15	0.0003	0.0003	0.0013		0.000	0.000	0.000	0.000	0.000	0.000	0.004	0.006	0.006
16	0.0000	0.0000	0.0000		0.000	0.000	0.000	0.000	0.000	0.000	0.000	0.000	0.000
17	0.0000	0.0000	0.0000		0.000	0.000	0.000	0.000	0.000	0.000	0.000	0.000	0.000
18	0.0000	0.0000	0.0000		0.000	0.000	0.000	0.000	0.000	0.000	0.000	0.000	0.000
19	0.0693	0.0693	0.0471		0.002	0.002	0.005	0.034	0.055	0.102	0.172	0.178	0.178
20	0.9708	0.9708	0.0645		0.727	0.727	0.769	0.976	1.000	1.000	1.000	1.000	1.000
21	1.0000	1.0000	0.0000		1.000	1.000	1.000	1.000	1.000	1.000	1.000	1.000	1.000
22	1.0000	1.0000	0.0000		1.000	1.000	1.000	1.000	1.000	1.000	1.000	1.000	1.000
23	1.0000	1.0000	0.0000		1.000	1.000	1.000	1.000	1.000	1.000	1.000	1.000	1.000
24	1.0000	1.0000	0.0000		1.000	1.000	1.000	1.000	1.000	1.000	1.000	1.000	1.000
25	1.0000	1.0000	0.0000		1.000	1.000	1.000	1.000	1.000	1.000	1.000	1.000	1.000
26	1.0000	1.0000	0.0000		1.000	1.000	1.000	1.000	1.000	1.000	1.000	1.000	1.000
27	1.0000	1.0000	0.0000		1.000	1.000	1.000	1.000	1.000	1.000	1.000	1.000	1.000
28	1.0000	1.0000	0.0000		1.000	1.000	1.000	1.000	1.000	1.000	1.000	1.000	1.000
daily	0.4843	0.4843	0.0171		0.442	0.442	0.449	0.473	0.480	0.498	0.516	0.518	0.518

Total duration of tasks by type [h]
hour	EMPTY_DRIVE	PICKUP	OCCUPIED_DRIVE	DROPOFF	STAY	all
6	1.15	1.18	3.33	0.50	18.83	25.00
7	5.00	3.23	8.30	1.53	6.95	25.00
8	6.13	4.23	11.93	2.01	0.70	25.00
9	4.48	5.07	12.90	2.55	0.00	25.00
10	3.46	5.04	14.00	2.50	0.00	25.00
11	4.75	4.71	13.16	2.38	0.00	25.00
12	5.43	3.37	9.92	1.78	4.50	25.00
13	1.57	1.67	4.77	0.97	16.02	25.00
14	5.41	3.49	9.14	1.51	5.46	25.00
15	6.29	4.52	11.90	2.27	0.01	25.00
16	3.15	5.33	13.89	2.63	0.00	25.00
17	3.90	5.04	13.58	2.48	0.00	25.00
18	5.90	4.45	12.45	2.20	0.00	25.00
19	7.26	3.26	10.87	1.89	1.73	25.00
20	0.09	0.08	0.43	0.13	24.27	25.00
21	0.00	0.00	0.00	0.00	25.00	25.00
22	0.00	0.00	0.00	0.00	25.00	25.00
23	0.00	0.00	0.00	0.00	25.00	25.00
24	0.00	0.00	0.00	0.00	25.00	25.00
25	0.00	0.00	0.00	0.00	25.00	25.00
26	0.00	0.00	0.00	0.00	25.00	25.00
27	0.00	0.00	0.00	0.00	25.00	25.00
28	0.00	0.00	0.00	0.00	25.00	25.00
daily	63.96	54.67	150.58	27.33	278.46	575.00

