Passenger Wait Time [min]
hour	0.00+	2.50+	5.00+	7.50+	10.00+	12.50+	15.00+	17.50+	20.00+	22.50+	25.00+	27.50+	30.00+	32.50+	35.00+	37.50+	40.00+	42.50+	45.00+	47.50+	50.00+	52.50+	55.00+	57.50+	60.00+
6	26	10	1	0	0	0	0	0	0	0	0	0	0	0	0	0	0	0	0	0	0	0	0	0	0
7	37	48	15	1	1	0	0	0	0	0	0	0	0	0	0	0	0	0	0	0	0	0	0	0	0
8	30	46	28	15	10	3	2	1	3	0	1	1	0	1	2	1	0	0	0	0	0	0	0	0	3
9	20	38	25	21	9	5	3	5	7	0	5	6	1	1	3	3	3	1	3	2	1	3	1	1	22
10	16	31	15	10	7	6	11	5	2	5	1	5	4	3	3	1	0	3	3	0	1	0	1	2	22
11	15	32	14	6	7	7	5	4	2	6	0	2	2	2	0	2	4	0	2	0	0	0	0	0	2
12	26	17	7	3	2	0	2	0	1	0	1	0	0	0	1	0	0	0	0	0	0	0	0	0	0
13	36	16	0	0	0	0	0	0	0	0	0	0	0	0	0	0	0	0	0	0	0	0	0	0	0
14	34	50	18	4	3	1	0	0	0	0	0	0	0	0	0	0	0	0	0	0	0	0	0	0	0
15	17	50	32	23	6	5	5	6	0	2	3	3	0	2	0	0	0	0	1	0	0	0	0	0	8
16	22	36	24	20	13	9	8	6	3	3	1	3	1	1	4	1	2	1	1	3	3	1	1	0	41
17	25	34	20	4	11	2	5	3	2	5	3	2	2	1	0	1	1	2	3	0	0	0	0	0	15
18	22	39	20	3	2	6	3	0	0	3	0	0	1	1	1	2	0	0	0	0	0	0	2	1	5
19	13	21	11	2	1	1	0	0	0	0	0	0	0	0	0	0	0	0	0	0	0	0	0	0	0
20	0	0	0	0	0	0	0	0	0	0	0	0	0	0	0	0	0	0	0	0	0	0	0	0	0
21	0	0	0	0	0	0	0	0	0	0	0	0	0	0	0	0	0	0	0	0	0	0	0	0	0
22	0	0	0	0	0	0	0	0	0	0	0	0	0	0	0	0	0	0	0	0	0	0	0	0	0
23	0	0	0	0	0	0	0	0	0	0	0	0	0	0	0	0	0	0	0	0	0	0	0	0	0
24	0	0	0	0	0	0	0	0	0	0	0	0	0	0	0	0	0	0	0	0	0	0	0	0	0
25	0	0	0	0	0	0	0	0	0	0	0	0	0	0	0	0	0	0	0	0	0	0	0	0	0
26	0	0	0	0	0	0	0	0	0	0	0	0	0	0	0	0	0	0	0	0	0	0	0	0	0
27	0	0	0	0	0	0	0	0	0	0	0	0	0	0	0	0	0	0	0	0	0	0	0	0	0
28	0	0	0	0	0	0	0	0	0	0	0	0	0	0	0	0	0	0	0	0	0	0	0	0	0
daily	339	468	230	112	72	45	44	30	20	24	15	22	11	12	14	11	10	7	13	5	5	4	5	4	118

Vehicle Empty Drive Ratio
hour	0.00+	0.05+	0.10+	0.15+	0.20+	0.25+	0.30+	0.35+	0.40+	0.45+	0.50+	0.55+	0.60+	0.65+	0.70+	0.75+	0.80+	0.85+	0.90+	0.95+
6	0	0	4	1	6	5	2	0	0	1	1	0	0	0	0	0	0	0	0	1
7	0	0	0	1	0	3	7	5	4	3	0	2	0	0	0	0	0	0	0	0
8	0	0	0	3	0	5	5	7	3	1	1	0	0	0	0	0	0	0	0	0
9	0	0	2	2	8	9	2	2	0	0	0	0	0	0	0	0	0	0	0	0
10	1	0	3	8	8	3	2	0	0	0	0	0	0	0	0	0	0	0	0	0
11	0	0	0	5	6	4	8	1	1	0	0	0	0	0	0	0	0	0	0	0
12	0	0	0	2	1	6	3	6	3	4	0	0	0	0	0	0	0	0	0	0
13	2	1	2	4	1	6	4	1	1	1	0	0	1	0	0	0	0	0	0	0
14	0	0	0	0	0	3	7	8	3	2	2	0	0	0	0	0	0	0	0	0
15	0	0	0	0	2	3	7	8	5	0	0	0	0	0	0	0	0	0	0	0
16	0	1	5	7	12	0	0	0	0	0	0	0	0	0	0	0	0	0	0	0
17	0	0	1	8	11	3	2	0	0	0	0	0	0	0	0	0	0	0	0	0
18	0	0	0	1	1	4	14	1	4	0	0	0	0	0	0	0	0	0	0	0
19	0	0	0	1	0	2	1	10	3	7	0	1	0	0	0	0	0	0	0	0
20	5	0	0	0	0	0	0	1	0	0	0	0	0	0	0	0	0	0	0	0
21	0	0	0	0	0	0	0	0	0	0	0	0	0	0	0	0	0	0	0	0
22	0	0	0	0	0	0	0	0	0	0	0	0	0	0	0	0	0	0	0	0
23	0	0	0	0	0	0	0	0	0	0	0	0	0	0	0	0	0	0	0	0
24	0	0	0	0	0	0	0	0	0	0	0	0	0	0	0	0	0	0	0	0
25	0	0	0	0	0	0	0	0	0	0	0	0	0	0	0	0	0	0	0	0
26	0	0	0	0	0	0	0	0	0	0	0	0	0	0	0	0	0	0	0	0
27	0	0	0	0	0	0	0	0	0	0	0	0	0	0	0	0	0	0	0	0
28	0	0	0	0	0	0	0	0	0	0	0	0	0	0	0	0	0	0	0	0
daily	0	0	0	0	0	13	12	0	0	0	0	0	0	0	0	0	0	0	0	0

Vehicle Wait Ratio
hour	0.00+	0.05+	0.10+	0.15+	0.20+	0.25+	0.30+	0.35+	0.40+	0.45+	0.50+	0.55+	0.60+	0.65+	0.70+	0.75+	0.80+	0.85+	0.90+	0.95+
6	0	0	0	0	0	0	0	0	0	1	1	2	2	3	5	2	3	1	1	4
7	0	1	2	4	5	0	6	4	2	1	0	0	0	0	0	0	0	0	0	0
8	21	3	0	1	0	0	0	0	0	0	0	0	0	0	0	0	0	0	0	0
9	25	0	0	0	0	0	0	0	0	0	0	0	0	0	0	0	0	0	0	0
10	25	0	0	0	0	0	0	0	0	0	0	0	0	0	0	0	0	0	0	0
11	25	0	0	0	0	0	0	0	0	0	0	0	0	0	0	0	0	0	0	0
12	3	3	5	6	1	3	1	2	1	0	0	0	0	0	0	0	0	0	0	0
13	0	0	0	0	1	1	0	0	1	1	7	1	1	3	1	1	2	4	0	1
14	2	1	7	5	1	0	4	4	0	0	1	0	0	0	0	0	0	0	0	0
15	25	0	0	0	0	0	0	0	0	0	0	0	0	0	0	0	0	0	0	0
16	25	0	0	0	0	0	0	0	0	0	0	0	0	0	0	0	0	0	0	0
17	25	0	0	0	0	0	0	0	0	0	0	0	0	0	0	0	0	0	0	0
18	25	0	0	0	0	0	0	0	0	0	0	0	0	0	0	0	0	0	0	0
19	11	7	4	3	0	0	0	0	0	0	0	0	0	0	0	0	0	0	0	0
20	0	0	0	0	0	0	0	0	0	0	0	0	0	0	1	0	0	3	0	21
21	0	0	0	0	0	0	0	0	0	0	0	0	0	0	0	0	0	0	0	25
22	0	0	0	0	0	0	0	0	0	0	0	0	0	0	0	0	0	0	0	25
23	0	0	0	0	0	0	0	0	0	0	0	0	0	0	0	0	0	0	0	25
24	0	0	0	0	0	0	0	0	0	0	0	0	0	0	0	0	0	0	0	25
25	0	0	0	0	0	0	0	0	0	0	0	0	0	0	0	0	0	0	0	25
26	0	0	0	0	0	0	0	0	0	0	0	0	0	0	0	0	0	0	0	25
27	0	0	0	0	0	0	0	0	0	0	0	0	0	0	0	0	0	0	0	25
28	0	0	0	0	0	0	0	0	0	0	0	0	0	0	0	0	0	0	0	25
daily	0	0	0	0	0	0	0	0	1	19	5	0	0	0	0	0	0	0	0	0

Vehicle Wait Ratio Counts
hour	0.00+	0.01+	0.25+	0.50+	0.75+	1.00+
6	0	0	1	13	7	4
7	0	12	13	0	0	0
8	10	15	0	0	0	0
9	25	0	0	0	0	0
10	25	0	0	0	0	0
11	25	0	0	0	0	0
12	1	17	7	0	0	0
13	0	1	3	13	7	1
14	0	16	8	1	0	0
15	25	0	0	0	0	0
16	25	0	0	0	0	0
17	25	0	0	0	0	0
18	25	0	0	0	0	0
19	1	24	0	0	0	0
20	0	0	0	1	8	16
21	0	0	0	0	0	25
22	0	0	0	0	0	25
23	0	0	0	0	0	25
24	0	0	0	0	0	25
25	0	0	0	0	0	25
26	0	0	0	0	0	25
27	0	0	0	0	0	25
28	0	0	0	0	0	25
daily	0	0	20	5	0	0

