Passenger Wait Time [s]
hour	n	avg	sd		min	2%ile	5%ile	25%ile	50%ile	75%ile	95%ile	98%ile	max
6	37	117.2	74.1		4	4	7	69	122	153	268	371	371
7	102	207.2	116.8		24	32	48	122	185	271	441	537	580
8	147	579.7	1196.1		2	38	76	174	284	513	2448	4163	12087
9	189	1521.9	2202.4		8	86	117	242	483	1728	7161	8911	9937
10	157	1372.2	1634.9		45	65	95	265	613	1938	5431	6021	7264
11	114	745.9	809.8		41	68	95	208	377	898	2576	3220	3972
12	60	306.6	391.5		2	4	10	99	161	326	1438	1791	1884
13	52	121.7	70.8		8	8	13	69	113	157	256	299	299
14	110	229.5	145.0		3	13	54	117	211	299	511	643	923
15	163	878.8	2177.4		37	54	95	212	351	683	2001	11538	15974
16	208	2263.3	3266.4		12	42	95	284	731	2353	10740	12054	12730
17	141	1276.2	2064.1		13	41	60	167	342	1352	6706	8215	8876
18	111	722.8	1179.6		11	33	107	171	269	594	3971	5087	5892
19	49	274.2	176.7		52	52	74	173	222	349	788	891	891
20	0	NaN	NaN		NaN	NaN	NaN	NaN	NaN	NaN	NaN	NaN	NaN
21	0	NaN	NaN		NaN	NaN	NaN	NaN	NaN	NaN	NaN	NaN	NaN
22	0	NaN	NaN		NaN	NaN	NaN	NaN	NaN	NaN	NaN	NaN	NaN
23	0	NaN	NaN		NaN	NaN	NaN	NaN	NaN	NaN	NaN	NaN	NaN
24	0	NaN	NaN		NaN	NaN	NaN	NaN	NaN	NaN	NaN	NaN	NaN
25	0	NaN	NaN		NaN	NaN	NaN	NaN	NaN	NaN	NaN	NaN	NaN
26	0	NaN	NaN		NaN	NaN	NaN	NaN	NaN	NaN	NaN	NaN	NaN
27	0	NaN	NaN		NaN	NaN	NaN	NaN	NaN	NaN	NaN	NaN	NaN
28	0	NaN	NaN		NaN	NaN	NaN	NaN	NaN	NaN	NaN	NaN	NaN
daily	1640	997.8	1923.8		2	37	67	168	305	801	4958	8466	15974

Vehicle Empty Drive Ratio
hour	fleetAvg	avg	sd		min	2%ile	5%ile	25%ile	50%ile	75%ile	95%ile	98%ile	max
6	0.2545	0.3107	0.2389		0.102	0.102	0.103	0.206	0.238	0.300	0.996	1.000	1.000
7	0.3889	0.3933	0.1019		0.181	0.181	0.211	0.326	0.374	0.449	0.619	0.630	0.630
8	0.3399	0.3395	0.0754		0.173	0.173	0.177	0.300	0.354	0.376	0.489	0.506	0.506
9	0.2536	0.2544	0.0786		0.062	0.062	0.083	0.208	0.273	0.317	0.362	0.362	0.362
10	0.1967	0.1975	0.0602		0.079	0.079	0.090	0.143	0.220	0.238	0.297	0.300	0.300
11	0.2797	0.2786	0.0702		0.170	0.170	0.170	0.239	0.262	0.307	0.422	0.427	0.427
12	0.3453	0.3453	0.0786		0.098	0.098	0.137	0.303	0.362	0.395	0.481	0.491	0.491
13	0.2514	0.2497	0.1388		0.000	0.000	0.015	0.147	0.256	0.320	0.579	0.615	0.615
14	0.3727	0.3774	0.0736		0.265	0.265	0.266	0.333	0.358	0.419	0.526	0.532	0.532
15	0.3437	0.3432	0.0792		0.156	0.156	0.182	0.286	0.356	0.399	0.482	0.483	0.483
16	0.2037	0.2037	0.0532		0.092	0.092	0.101	0.164	0.207	0.240	0.296	0.297	0.297
17	0.2122	0.2122	0.0510		0.101	0.101	0.110	0.186	0.205	0.252	0.287	0.290	0.290
18	0.3368	0.3370	0.0687		0.192	0.192	0.199	0.281	0.353	0.396	0.432	0.434	0.434
19	0.4154	0.4146	0.0701		0.255	0.255	0.267	0.362	0.417	0.473	0.527	0.534	0.534
20	0.0308	0.0138	0.0413		0.000	0.000	0.000	0.000	0.000	0.000	0.124	0.124	0.124
21	NaN	NaN	NaN		NaN	NaN	NaN	NaN	NaN	NaN	NaN	NaN	NaN
22	NaN	NaN	NaN		NaN	NaN	NaN	NaN	NaN	NaN	NaN	NaN	NaN
23	NaN	NaN	NaN		NaN	NaN	NaN	NaN	NaN	NaN	NaN	NaN	NaN
24	NaN	NaN	NaN		NaN	NaN	NaN	NaN	NaN	NaN	NaN	NaN	NaN
25	NaN	NaN	NaN		NaN	NaN	NaN	NaN	NaN	NaN	NaN	NaN	NaN
26	NaN	NaN	NaN		NaN	NaN	NaN	NaN	NaN	NaN	NaN	NaN	NaN
27	NaN	NaN	NaN		NaN	NaN	NaN	NaN	NaN	NaN	NaN	NaN	NaN
28	NaN	NaN	NaN		NaN	NaN	NaN	NaN	NaN	NaN	NaN	NaN	NaN
daily	0.3022	0.3023	0.0175		0.277	0.277	0.278	0.289	0.302	0.312	0.344	0.351	0.351

Vehicle Wait Ratio
hour	fleetAvg	avg	sd		min	2%ile	5%ile	25%ile	50%ile	75%ile	95%ile	98%ile	max
6	0.7534	0.7534	0.1572		0.467	0.467	0.482	0.638	0.720	0.893	1.000	1.000	1.000
7	0.2678	0.2678	0.1183		0.081	0.081	0.083	0.190	0.240	0.363	0.488	0.501	0.501
8	0.0276	0.0276	0.0313		0.000	0.000	0.000	0.000	0.019	0.043	0.102	0.106	0.106
9	0.0000	0.0000	0.0000		0.000	0.000	0.000	0.000	0.000	0.000	0.000	0.000	0.000
10	0.0000	0.0000	0.0000		0.000	0.000	0.000	0.000	0.000	0.000	0.000	0.000	0.000
11	0.0000	0.0000	0.0000		0.000	0.000	0.000	0.000	0.000	0.000	0.000	0.000	0.000
12	0.1744	0.1744	0.1042		0.015	0.015	0.021	0.094	0.152	0.277	0.368	0.397	0.397
13	0.6414	0.6414	0.2082		0.228	0.228	0.242	0.512	0.657	0.851	0.964	1.000	1.000
14	0.2176	0.2176	0.1263		0.040	0.040	0.042	0.118	0.196	0.318	0.484	0.528	0.528
15	0.0005	0.0005	0.0024		0.000	0.000	0.000	0.000	0.000	0.000	0.008	0.012	0.012
16	0.0000	0.0000	0.0000		0.000	0.000	0.000	0.000	0.000	0.000	0.000	0.000	0.000
17	0.0000	0.0000	0.0000		0.000	0.000	0.000	0.000	0.000	0.000	0.000	0.000	0.000
18	0.0000	0.0000	0.0000		0.000	0.000	0.000	0.000	0.000	0.000	0.000	0.000	0.000
19	0.0406	0.0406	0.0351		0.000	0.000	0.000	0.002	0.036	0.064	0.102	0.103	0.103
20	0.9646	0.9646	0.0566		0.795	0.795	0.817	0.952	1.000	1.000	1.000	1.000	1.000
21	1.0000	1.0000	0.0000		1.000	1.000	1.000	1.000	1.000	1.000	1.000	1.000	1.000
22	1.0000	1.0000	0.0000		1.000	1.000	1.000	1.000	1.000	1.000	1.000	1.000	1.000
23	1.0000	1.0000	0.0000		1.000	1.000	1.000	1.000	1.000	1.000	1.000	1.000	1.000
24	1.0000	1.0000	0.0000		1.000	1.000	1.000	1.000	1.000	1.000	1.000	1.000	1.000
25	1.0000	1.0000	0.0000		1.000	1.000	1.000	1.000	1.000	1.000	1.000	1.000	1.000
26	1.0000	1.0000	0.0000		1.000	1.000	1.000	1.000	1.000	1.000	1.000	1.000	1.000
27	1.0000	1.0000	0.0000		1.000	1.000	1.000	1.000	1.000	1.000	1.000	1.000	1.000
28	1.0000	1.0000	0.0000		1.000	1.000	1.000	1.000	1.000	1.000	1.000	1.000	1.000
daily	0.4821	0.4821	0.0152		0.446	0.446	0.449	0.470	0.487	0.493	0.504	0.507	0.507

Total duration of tasks by type [h]
hour	EMPTY_DRIVE	PICKUP	OCCUPIED_DRIVE	DROPOFF	STAY	all
6	1.14	1.19	3.34	0.50	18.83	25.00
7	5.28	3.22	8.29	1.52	6.70	25.00
8	6.16	4.18	11.96	2.01	0.69	25.00
9	4.37	5.23	12.86	2.54	0.00	25.00
10	3.46	4.89	14.14	2.52	0.00	25.00
11	4.97	4.84	12.79	2.40	0.00	25.00
12	5.38	3.28	10.20	1.78	4.36	25.00
13	1.59	1.67	4.74	0.95	16.04	25.00
14	5.42	3.51	9.12	1.51	5.44	25.00
15	6.25	4.57	11.94	2.23	0.01	25.00
16	3.51	5.18	13.70	2.61	0.00	25.00
17	3.70	5.00	13.73	2.57	0.00	25.00
18	6.23	4.32	12.27	2.18	0.00	25.00
19	7.75	3.49	10.91	1.84	1.01	25.00
20	0.02	0.08	0.60	0.18	24.12	25.00
21	0.00	0.00	0.00	0.00	25.00	25.00
22	0.00	0.00	0.00	0.00	25.00	25.00
23	0.00	0.00	0.00	0.00	25.00	25.00
24	0.00	0.00	0.00	0.00	25.00	25.00
25	0.00	0.00	0.00	0.00	25.00	25.00
26	0.00	0.00	0.00	0.00	25.00	25.00
27	0.00	0.00	0.00	0.00	25.00	25.00
28	0.00	0.00	0.00	0.00	25.00	25.00
daily	65.22	54.67	150.58	27.33	277.20	575.00

