Passenger Wait Time [s]
hour	n	avg	sd		min	2%ile	5%ile	25%ile	50%ile	75%ile	95%ile	98%ile	max
6	37	117.2	74.1		4	4	7	69	122	153	268	371	371
7	102	207.2	116.8		24	32	48	122	185	271	441	537	580
8	147	568.9	1093.9		2	38	76	174	284	513	2448	4164	10493
9	189	1508.0	2161.4		8	86	117	242	483	1728	7241	8972	9935
10	157	1363.7	1580.6		45	78	108	254	634	1923	5104	5615	7606
11	114	815.8	900.7		54	69	104	201	430	1267	2677	4110	4325
12	60	279.2	322.0		2	4	11	89	168	312	1212	1317	1338
13	52	121.4	69.9		8	8	13	73	113	157	256	299	299
14	110	229.5	144.8		3	13	54	124	209	284	519	724	826
15	163	767.4	1769.5		14	43	71	201	365	685	1970	7970	15903
16	208	2184.5	3134.1		35	85	126	309	648	2255	10079	11436	12729
17	141	1247.2	1968.8		24	58	81	187	373	1341	6792	8223	8609
18	111	669.0	1077.7		57	75	97	200	287	555	3568	5110	5288
19	49	268.1	186.8		47	47	59	154	223	346	743	925	925
20	0	NaN	NaN		NaN	NaN	NaN	NaN	NaN	NaN	NaN	NaN	NaN
21	0	NaN	NaN		NaN	NaN	NaN	NaN	NaN	NaN	NaN	NaN	NaN
22	0	NaN	NaN		NaN	NaN	NaN	NaN	NaN	NaN	NaN	NaN	NaN
23	0	NaN	NaN		NaN	NaN	NaN	NaN	NaN	NaN	NaN	NaN	NaN
24	0	NaN	NaN		NaN	NaN	NaN	NaN	NaN	NaN	NaN	NaN	NaN
25	0	NaN	NaN		NaN	NaN	NaN	NaN	NaN	NaN	NaN	NaN	NaN
26	0	NaN	NaN		NaN	NaN	NaN	NaN	NaN	NaN	NaN	NaN	NaN
27	0	NaN	NaN		NaN	NaN	NaN	NaN	NaN	NaN	NaN	NaN	NaN
28	0	NaN	NaN		NaN	NaN	NaN	NaN	NaN	NaN	NaN	NaN	NaN
daily	1640	970.9	1820.8		2	42	70	170	309	774	4775	7886	15903

Vehicle Empty Drive Ratio
hour	fleetAvg	avg	sd		min	2%ile	5%ile	25%ile	50%ile	75%ile	95%ile	98%ile	max
6	0.2545	0.3107	0.2389		0.102	0.102	0.103	0.206	0.238	0.300	0.996	1.000	1.000
7	0.3889	0.3933	0.1019		0.181	0.181	0.211	0.326	0.374	0.449	0.619	0.630	0.630
8	0.3399	0.3395	0.0754		0.173	0.173	0.177	0.300	0.354	0.376	0.489	0.506	0.506
9	0.2537	0.2544	0.0786		0.062	0.062	0.083	0.208	0.273	0.317	0.362	0.362	0.362
10	0.1936	0.1948	0.0627		0.079	0.079	0.093	0.143	0.198	0.240	0.318	0.327	0.327
11	0.2859	0.2850	0.0616		0.161	0.161	0.175	0.243	0.268	0.328	0.405	0.415	0.415
12	0.3353	0.3302	0.1044		0.093	0.093	0.120	0.292	0.319	0.370	0.586	0.589	0.589
13	0.2500	0.2535	0.1524		0.000	0.000	0.015	0.140	0.247	0.333	0.586	0.615	0.615
14	0.3717	0.3739	0.0671		0.268	0.268	0.273	0.332	0.357	0.412	0.523	0.532	0.532
15	0.3429	0.3432	0.0823		0.215	0.215	0.217	0.283	0.324	0.414	0.517	0.546	0.546
16	0.1883	0.1887	0.0531		0.097	0.097	0.099	0.143	0.201	0.219	0.294	0.303	0.303
17	0.2148	0.2153	0.0714		0.083	0.083	0.092	0.155	0.228	0.264	0.339	0.342	0.342
18	0.3145	0.3152	0.0822		0.166	0.166	0.174	0.256	0.297	0.393	0.441	0.449	0.449
19	0.4104	0.4110	0.0684		0.241	0.241	0.262	0.351	0.414	0.467	0.519	0.528	0.528
20	0.0346	0.0222	0.0469		0.000	0.000	0.000	0.000	0.000	0.035	0.131	0.131	0.131
21	NaN	NaN	NaN		NaN	NaN	NaN	NaN	NaN	NaN	NaN	NaN	NaN
22	NaN	NaN	NaN		NaN	NaN	NaN	NaN	NaN	NaN	NaN	NaN	NaN
23	NaN	NaN	NaN		NaN	NaN	NaN	NaN	NaN	NaN	NaN	NaN	NaN
24	NaN	NaN	NaN		NaN	NaN	NaN	NaN	NaN	NaN	NaN	NaN	NaN
25	NaN	NaN	NaN		NaN	NaN	NaN	NaN	NaN	NaN	NaN	NaN	NaN
26	NaN	NaN	NaN		NaN	NaN	NaN	NaN	NaN	NaN	NaN	NaN	NaN
27	NaN	NaN	NaN		NaN	NaN	NaN	NaN	NaN	NaN	NaN	NaN	NaN
28	NaN	NaN	NaN		NaN	NaN	NaN	NaN	NaN	NaN	NaN	NaN	NaN
daily	0.2980	0.2980	0.0196		0.265	0.265	0.268	0.284	0.294	0.311	0.341	0.346	0.346

Vehicle Wait Ratio
hour	fleetAvg	avg	sd		min	2%ile	5%ile	25%ile	50%ile	75%ile	95%ile	98%ile	max
6	0.7534	0.7534	0.1572		0.467	0.467	0.482	0.638	0.720	0.893	1.000	1.000	1.000
7	0.2678	0.2678	0.1183		0.081	0.081	0.083	0.190	0.240	0.363	0.488	0.501	0.501
8	0.0276	0.0276	0.0313		0.000	0.000	0.000	0.000	0.019	0.043	0.102	0.106	0.106
9	0.0000	0.0000	0.0000		0.000	0.000	0.000	0.000	0.000	0.000	0.000	0.000	0.000
10	0.0000	0.0000	0.0000		0.000	0.000	0.000	0.000	0.000	0.000	0.000	0.000	0.000
11	0.0000	0.0000	0.0000		0.000	0.000	0.000	0.000	0.000	0.000	0.000	0.000	0.000
12	0.1824	0.1824	0.1138		0.000	0.000	0.003	0.099	0.171	0.270	0.397	0.400	0.400
13	0.6401	0.6401	0.1967		0.205	0.205	0.232	0.533	0.657	0.796	0.964	1.000	1.000
14	0.2183	0.2183	0.1262		0.040	0.040	0.042	0.118	0.196	0.340	0.484	0.528	0.528
15	0.0003	0.0003	0.0013		0.000	0.000	0.000	0.000	0.000	0.000	0.004	0.006	0.006
16	0.0000	0.0000	0.0000		0.000	0.000	0.000	0.000	0.000	0.000	0.000	0.000	0.000
17	0.0000	0.0000	0.0000		0.000	0.000	0.000	0.000	0.000	0.000	0.000	0.000	0.000
18	0.0000	0.0000	0.0000		0.000	0.000	0.000	0.000	0.000	0.000	0.000	0.000	0.000
19	0.0810	0.0810	0.0669		0.000	0.000	0.000	0.007	0.083	0.131	0.214	0.227	0.227
20	0.9690	0.9690	0.0551		0.808	0.808	0.824	0.963	1.000	1.000	1.000	1.000	1.000
21	1.0000	1.0000	0.0000		1.000	1.000	1.000	1.000	1.000	1.000	1.000	1.000	1.000
22	1.0000	1.0000	0.0000		1.000	1.000	1.000	1.000	1.000	1.000	1.000	1.000	1.000
23	1.0000	1.0000	0.0000		1.000	1.000	1.000	1.000	1.000	1.000	1.000	1.000	1.000
24	1.0000	1.0000	0.0000		1.000	1.000	1.000	1.000	1.000	1.000	1.000	1.000	1.000
25	1.0000	1.0000	0.0000		1.000	1.000	1.000	1.000	1.000	1.000	1.000	1.000	1.000
26	1.0000	1.0000	0.0000		1.000	1.000	1.000	1.000	1.000	1.000	1.000	1.000	1.000
27	1.0000	1.0000	0.0000		1.000	1.000	1.000	1.000	1.000	1.000	1.000	1.000	1.000
28	1.0000	1.0000	0.0000		1.000	1.000	1.000	1.000	1.000	1.000	1.000	1.000	1.000
daily	0.4843	0.4843	0.0150		0.461	0.461	0.461	0.473	0.484	0.496	0.513	0.516	0.516

Total duration of tasks by type [h]
hour	EMPTY_DRIVE	PICKUP	OCCUPIED_DRIVE	DROPOFF	STAY	all
6	1.14	1.19	3.34	0.50	18.83	25.00
7	5.28	3.22	8.29	1.52	6.70	25.00
8	6.16	4.18	11.96	2.01	0.69	25.00
9	4.37	5.23	12.86	2.54	0.00	25.00
10	3.40	4.92	14.16	2.52	0.00	25.00
11	5.12	4.73	12.79	2.36	0.00	25.00
12	5.12	3.36	10.15	1.80	4.56	25.00
13	1.59	1.67	4.77	0.97	16.00	25.00
14	5.41	3.49	9.14	1.51	5.46	25.00
15	6.23	4.56	11.95	2.25	0.01	25.00
16	3.21	5.28	13.84	2.67	0.00	25.00
17	3.75	5.05	13.70	2.49	0.00	25.00
18	5.77	4.44	12.57	2.23	0.00	25.00
19	7.36	3.25	10.57	1.80	2.02	25.00
20	0.02	0.09	0.51	0.16	24.23	25.00
21	0.00	0.00	0.00	0.00	25.00	25.00
22	0.00	0.00	0.00	0.00	25.00	25.00
23	0.00	0.00	0.00	0.00	25.00	25.00
24	0.00	0.00	0.00	0.00	25.00	25.00
25	0.00	0.00	0.00	0.00	25.00	25.00
26	0.00	0.00	0.00	0.00	25.00	25.00
27	0.00	0.00	0.00	0.00	25.00	25.00
28	0.00	0.00	0.00	0.00	25.00	25.00
daily	63.91	54.67	150.59	27.33	278.50	575.00

