Passenger Wait Time [s]
hour	n	avg	sd		min	2%ile	5%ile	25%ile	50%ile	75%ile	95%ile	98%ile	max
6	37	117.2	74.1		4	4	7	69	122	153	268	371	371
7	102	207.2	116.8		24	32	48	122	185	271	441	537	580
8	147	568.9	1093.8		2	38	76	174	284	513	2448	4163	10492
9	189	1513.9	2180.0		8	86	117	242	483	1728	7241	8972	9934
10	157	1364.2	1582.0		45	78	108	254	634	1923	5105	5614	7606
11	114	792.4	845.3		54	69	104	195	445	1269	2561	3551	4272
12	60	298.3	360.8		2	4	15	95	171	362	1395	1587	1624
13	52	122.5	70.2		8	8	13	73	113	157	256	299	299
14	110	229.5	145.0		3	13	54	117	211	299	511	643	923
15	163	900.3	2258.9		37	54	96	201	321	747	2647	11587	16562
16	208	2289.6	3342.9		40	54	92	257	622	2530	10668	11922	12893
17	141	1310.8	2126.4		29	72	110	189	322	1290	6944	8561	8928
18	111	719.0	1210.4		11	54	93	197	280	522	4205	5335	6072
19	49	282.3	226.5		53	53	62	138	220	369	775	1307	1307
20	0	NaN	NaN		NaN	NaN	NaN	NaN	NaN	NaN	NaN	NaN	NaN
21	0	NaN	NaN		NaN	NaN	NaN	NaN	NaN	NaN	NaN	NaN	NaN
22	0	NaN	NaN		NaN	NaN	NaN	NaN	NaN	NaN	NaN	NaN	NaN
23	0	NaN	NaN		NaN	NaN	NaN	NaN	NaN	NaN	NaN	NaN	NaN
24	0	NaN	NaN		NaN	NaN	NaN	NaN	NaN	NaN	NaN	NaN	NaN
25	0	NaN	NaN		NaN	NaN	NaN	NaN	NaN	NaN	NaN	NaN	NaN
26	0	NaN	NaN		NaN	NaN	NaN	NaN	NaN	NaN	NaN	NaN	NaN
27	0	NaN	NaN		NaN	NaN	NaN	NaN	NaN	NaN	NaN	NaN	NaN
28	0	NaN	NaN		NaN	NaN	NaN	NaN	NaN	NaN	NaN	NaN	NaN
daily	1640	1006.5	1947.1		2	41	72	171	302	751	5091	8486	16562

Vehicle Empty Drive Ratio
hour	fleetAvg	avg	sd		min	2%ile	5%ile	25%ile	50%ile	75%ile	95%ile	98%ile	max
6	0.2545	0.3107	0.2389		0.102	0.102	0.103	0.206	0.238	0.300	0.996	1.000	1.000
7	0.3889	0.3933	0.1019		0.181	0.181	0.211	0.326	0.374	0.449	0.619	0.630	0.630
8	0.3399	0.3395	0.0754		0.173	0.173	0.177	0.300	0.354	0.376	0.489	0.506	0.506
9	0.2536	0.2544	0.0786		0.062	0.062	0.083	0.208	0.273	0.317	0.362	0.362	0.362
10	0.1936	0.1948	0.0627		0.079	0.079	0.093	0.143	0.198	0.240	0.318	0.327	0.327
11	0.2852	0.2842	0.0618		0.161	0.161	0.175	0.243	0.268	0.328	0.406	0.416	0.416
12	0.3322	0.3284	0.0990		0.173	0.173	0.176	0.247	0.317	0.381	0.553	0.561	0.561
13	0.2520	0.2537	0.1469		0.000	0.000	0.015	0.143	0.256	0.320	0.585	0.615	0.615
14	0.3727	0.3767	0.0723		0.265	0.265	0.266	0.333	0.358	0.414	0.526	0.532	0.532
15	0.3434	0.3434	0.0774		0.156	0.156	0.182	0.288	0.356	0.408	0.473	0.483	0.483
16	0.2072	0.2077	0.0596		0.092	0.092	0.093	0.189	0.211	0.247	0.316	0.324	0.324
17	0.2363	0.2364	0.0601		0.145	0.145	0.149	0.180	0.231	0.278	0.351	0.356	0.356
18	0.3301	0.3305	0.0623		0.186	0.186	0.196	0.293	0.343	0.373	0.420	0.421	0.421
19	0.4187	0.4184	0.0658		0.249	0.249	0.264	0.379	0.432	0.470	0.513	0.517	0.517
20	0.0372	0.0127	0.0477		0.000	0.000	0.000	0.000	0.000	0.000	0.178	0.178	0.178
21	NaN	NaN	NaN		NaN	NaN	NaN	NaN	NaN	NaN	NaN	NaN	NaN
22	NaN	NaN	NaN		NaN	NaN	NaN	NaN	NaN	NaN	NaN	NaN	NaN
23	NaN	NaN	NaN		NaN	NaN	NaN	NaN	NaN	NaN	NaN	NaN	NaN
24	NaN	NaN	NaN		NaN	NaN	NaN	NaN	NaN	NaN	NaN	NaN	NaN
25	NaN	NaN	NaN		NaN	NaN	NaN	NaN	NaN	NaN	NaN	NaN	NaN
26	NaN	NaN	NaN		NaN	NaN	NaN	NaN	NaN	NaN	NaN	NaN	NaN
27	NaN	NaN	NaN		NaN	NaN	NaN	NaN	NaN	NaN	NaN	NaN	NaN
28	NaN	NaN	NaN		NaN	NaN	NaN	NaN	NaN	NaN	NaN	NaN	NaN
daily	0.3033	0.3031	0.0156		0.274	0.274	0.276	0.295	0.303	0.314	0.331	0.333	0.333

Vehicle Wait Ratio
hour	fleetAvg	avg	sd		min	2%ile	5%ile	25%ile	50%ile	75%ile	95%ile	98%ile	max
6	0.7534	0.7534	0.1572		0.467	0.467	0.482	0.638	0.720	0.893	1.000	1.000	1.000
7	0.2678	0.2678	0.1183		0.081	0.081	0.083	0.190	0.240	0.363	0.488	0.501	0.501
8	0.0276	0.0276	0.0313		0.000	0.000	0.000	0.000	0.019	0.043	0.102	0.106	0.106
9	0.0000	0.0000	0.0000		0.000	0.000	0.000	0.000	0.000	0.000	0.000	0.000	0.000
10	0.0000	0.0000	0.0000		0.000	0.000	0.000	0.000	0.000	0.000	0.000	0.000	0.000
11	0.0000	0.0000	0.0000		0.000	0.000	0.000	0.000	0.000	0.000	0.000	0.000	0.000
12	0.1853	0.1853	0.1084		0.024	0.024	0.026	0.102	0.164	0.264	0.395	0.399	0.399
13	0.6397	0.6397	0.2088		0.205	0.205	0.226	0.512	0.672	0.848	0.964	1.000	1.000
14	0.2176	0.2176	0.1281		0.040	0.040	0.042	0.118	0.196	0.340	0.484	0.528	0.528
15	0.0005	0.0005	0.0024		0.000	0.000	0.000	0.000	0.000	0.000	0.008	0.012	0.012
16	0.0000	0.0000	0.0000		0.000	0.000	0.000	0.000	0.000	0.000	0.000	0.000	0.000
17	0.0000	0.0000	0.0000		0.000	0.000	0.000	0.000	0.000	0.000	0.000	0.000	0.000
18	0.0000	0.0000	0.0000		0.000	0.000	0.000	0.000	0.000	0.000	0.000	0.000	0.000
19	0.0271	0.0271	0.0355		0.000	0.000	0.000	0.000	0.010	0.046	0.118	0.120	0.120
20	0.9547	0.9547	0.0576		0.785	0.785	0.810	0.922	0.973	1.000	1.000	1.000	1.000
21	1.0000	1.0000	0.0000		1.000	1.000	1.000	1.000	1.000	1.000	1.000	1.000	1.000
22	1.0000	1.0000	0.0000		1.000	1.000	1.000	1.000	1.000	1.000	1.000	1.000	1.000
23	1.0000	1.0000	0.0000		1.000	1.000	1.000	1.000	1.000	1.000	1.000	1.000	1.000
24	1.0000	1.0000	0.0000		1.000	1.000	1.000	1.000	1.000	1.000	1.000	1.000	1.000
25	1.0000	1.0000	0.0000		1.000	1.000	1.000	1.000	1.000	1.000	1.000	1.000	1.000
26	1.0000	1.0000	0.0000		1.000	1.000	1.000	1.000	1.000	1.000	1.000	1.000	1.000
27	1.0000	1.0000	0.0000		1.000	1.000	1.000	1.000	1.000	1.000	1.000	1.000	1.000
28	1.0000	1.0000	0.0000		1.000	1.000	1.000	1.000	1.000	1.000	1.000	1.000	1.000
daily	0.4815	0.4815	0.0147		0.454	0.454	0.455	0.473	0.480	0.488	0.514	0.516	0.516

Total duration of tasks by type [h]
hour	EMPTY_DRIVE	PICKUP	OCCUPIED_DRIVE	DROPOFF	STAY	all
6	1.14	1.19	3.34	0.50	18.83	25.00
7	5.28	3.22	8.29	1.52	6.70	25.00
8	6.16	4.18	11.96	2.01	0.69	25.00
9	4.37	5.23	12.86	2.54	0.00	25.00
10	3.40	4.92	14.16	2.52	0.00	25.00
11	5.11	4.73	12.80	2.37	0.00	25.00
12	5.05	3.35	10.16	1.80	4.63	25.00
13	1.60	1.68	4.76	0.96	15.99	25.00
14	5.42	3.51	9.12	1.51	5.44	25.00
15	6.24	4.58	11.94	2.22	0.01	25.00
16	3.56	5.20	13.61	2.64	0.00	25.00
17	4.16	4.95	13.43	2.46	0.00	25.00
18	6.10	4.29	12.38	2.23	0.00	25.00
19	7.95	3.54	11.03	1.81	0.68	25.00
20	0.03	0.10	0.76	0.24	23.87	25.00
21	0.00	0.00	0.00	0.00	25.00	25.00
22	0.00	0.00	0.00	0.00	25.00	25.00
23	0.00	0.00	0.00	0.00	25.00	25.00
24	0.00	0.00	0.00	0.00	25.00	25.00
25	0.00	0.00	0.00	0.00	25.00	25.00
26	0.00	0.00	0.00	0.00	25.00	25.00
27	0.00	0.00	0.00	0.00	25.00	25.00
28	0.00	0.00	0.00	0.00	25.00	25.00
daily	65.56	54.67	150.60	27.33	276.84	575.00

