time	time	departures_all	arrivals_all	stuck_all	en-route_all	departures_taxi	arrivals_taxi	stuck_taxi	en-route_taxi
00:00:00	0	181	0	0	181	181	0	0	181
00:05:00	300	0	12	0	169	0	12	0	169
00:10:00	600	0	36	0	133	0	36	0	133
00:15:00	900	182	42	0	273	182	42	0	273
00:20:00	1200	0	49	0	224	0	49	0	224
00:25:00	1500	0	53	0	171	0	53	0	171
00:30:00	1800	141	60	0	252	141	60	0	252
00:35:00	2100	0	55	0	197	0	55	0	197
00:40:00	2400	0	55	0	142	0	55	0	142
00:45:00	2700	128	54	0	216	128	54	0	216
00:50:00	3000	0	59	0	157	0	59	0	157
00:55:00	3300	0	48	0	109	0	48	0	109
01:00:00	3600	123	37	0	195	123	37	0	195
01:05:00	3900	0	60	0	135	0	60	0	135
01:10:00	4200	0	48	0	87	0	48	0	87
01:15:00	4500	113	37	0	163	113	37	0	163
01:20:00	4800	0	41	0	122	0	41	0	122
01:25:00	5100	0	32	0	90	0	32	0	90
01:30:00	5400	129	43	0	176	129	43	0	176
01:35:00	5700	0	34	0	142	0	34	0	142
01:40:00	6000	0	36	0	106	0	36	0	106
01:45:00	6300	96	29	0	173	96	29	0	173
01:50:00	6600	0	49	0	124	0	49	0	124
01:55:00	6900	0	44	0	80	0	44	0	80
02:00:00	7200	110	21	0	169	110	21	0	169
02:05:00	7500	0	40	0	129	0	40	0	129
02:10:00	7800	0	36	0	93	0	36	0	93
02:15:00	8100	107	48	0	152	107	48	0	152
02:20:00	8400	0	31	0	121	0	31	0	121
02:25:00	8700	0	33	0	88	0	33	0	88
02:30:00	9000	79	24	0	143	79	24	0	143
02:35:00	9300	0	29	0	114	0	29	0	114
02:40:00	9600	0	27	0	87	0	27	0	87
02:45:00	9900	76	25	0	138	76	25	0	138
02:50:00	10200	0	28	0	110	0	28	0	110
02:55:00	10500	0	41	0	69	0	41	0	69
03:00:00	10800	70	25	0	114	70	25	0	114
03:05:00	11100	0	31	0	83	0	31	0	83
03:10:00	11400	0	30	0	53	0	30	0	53
03:15:00	11700	73	21	0	105	73	21	0	105
03:20:00	12000	0	13	0	92	0	13	0	92
03:25:00	12300	0	26	0	66	0	26	0	66
03:30:00	12600	65	30	0	101	65	30	0	101
03:35:00	12900	0	13	0	88	0	13	0	88
03:40:00	13200	0	36	0	52	0	36	0	52
03:45:00	13500	73	18	0	107	73	18	0	107
03:50:00	13800	0	22	0	85	0	22	0	85
03:55:00	14100	0	27	0	58	0	27	0	58
04:00:00	14400	78	13	0	123	78	13	0	123
04:05:00	14700	0	29	0	94	0	29	0	94
04:10:00	15000	0	25	0	69	0	25	0	69
04:15:00	15300	66	32	0	103	66	32	0	103
04:20:00	15600	0	19	0	84	0	19	0	84
04:25:00	15900	0	29	0	55	0	29	0	55
04:30:00	16200	66	27	0	94	66	27	0	94
04:35:00	16500	0	17	0	77	0	17	0	77
04:40:00	16800	0	18	0	59	0	18	0	59
04:45:00	17100	75	25	0	109	75	25	0	109
04:50:00	17400	0	28	0	81	0	28	0	81
04:55:00	17700	0	19	0	62	0	19	0	62
05:00:00	18000	80	24	0	118	80	24	0	118
05:05:00	18300	0	22	0	96	0	22	0	96
05:10:00	18600	0	23	0	73	0	23	0	73
05:15:00	18900	67	16	0	124	67	16	0	124
05:20:00	19200	0	28	0	96	0	28	0	96
05:25:00	19500	0	25	0	71	0	25	0	71
05:30:00	19800	81	30	0	122	81	30	0	122
05:35:00	20100	0	26	0	96	0	26	0	96
05:40:00	20400	0	21	0	75	0	21	0	75
05:45:00	20700	88	31	0	132	88	31	0	132
05:50:00	21000	0	32	0	100	0	32	0	100
05:55:00	21300	0	17	0	83	0	17	0	83
06:00:00	21600	74	42	0	115	74	42	0	115
06:05:00	21900	0	25	0	90	0	25	0	90
06:10:00	22200	0	20	0	70	0	20	0	70
06:15:00	22500	130	39	0	161	130	39	0	161
06:20:00	22800	0	29	0	132	0	29	0	132
06:25:00	23100	0	28	0	104	0	28	0	104
06:30:00	23400	148	38	0	214	148	38	0	214
06:35:00	23700	0	60	0	154	0	60	0	154
06:40:00	24000	0	23	0	131	0	23	0	131
06:45:00	24300	187	52	0	266	187	52	0	266
06:50:00	24600	0	82	0	184	0	82	0	184
06:55:00	24900	0	33	0	151	0	33	0	151
07:00:00	25200	188	55	0	284	188	55	0	284
07:05:00	25500	0	107	0	177	0	107	0	177
07:10:00	25800	0	51	0	126	0	51	0	126
07:15:00	26100	247	48	0	325	247	48	0	325
07:20:00	26400	0	118	0	207	0	118	0	207
07:25:00	26700	0	58	0	149	0	58	0	149
07:30:00	27000	281	65	0	365	281	65	0	365
07:35:00	27300	0	131	0	234	0	131	0	234
07:40:00	27600	0	66	0	168	0	66	0	168
07:45:00	27900	351	59	0	460	351	59	0	460
07:50:00	28200	0	166	0	294	0	166	0	294
07:55:00	28500	0	82	0	212	0	82	0	212
08:00:00	28800	386	68	0	530	386	68	0	530
08:05:00	29100	0	204	0	326	0	204	0	326
08:10:00	29400	0	78	0	248	0	78	0	248
08:15:00	29700	415	101	0	562	415	101	0	562
08:20:00	30000	0	237	0	325	0	237	0	325
08:25:00	30300	0	97	0	228	0	97	0	228
08:30:00	30600	476	78	0	626	476	78	0	626
08:35:00	30900	0	278	0	348	0	278	0	348
08:40:00	31200	0	119	0	229	0	119	0	229
08:45:00	31500	545	82	0	692	545	82	0	692
08:50:00	31800	0	290	0	402	0	290	0	402
08:55:00	32100	0	143	0	259	0	143	0	259
09:00:00	32400	557	95	0	721	557	95	0	721
09:05:00	32700	0	319	0	402	0	319	0	402
09:10:00	33000	0	143	0	259	0	143	0	259
09:15:00	33300	526	96	0	689	526	96	0	689
09:20:00	33600	0	330	0	359	0	330	0	359
09:25:00	33900	0	150	0	209	0	150	0	209
09:30:00	34200	475	81	0	603	475	81	0	603
09:35:00	34500	0	285	0	318	0	285	0	318
09:40:00	34800	0	136	0	182	0	136	0	182
09:45:00	35100	584	75	0	691	584	75	0	691
09:50:00	35400	0	336	0	355	0	336	0	355
09:55:00	35700	0	160	0	195	0	160	0	195
10:00:00	36000	531	88	0	638	531	88	0	638
10:05:00	36300	0	312	0	326	0	312	0	326
10:10:00	36600	0	139	0	187	0	139	0	187
10:15:00	36900	445	87	0	545	445	87	0	545
10:20:00	37200	0	275	0	270	0	275	0	270
10:25:00	37500	0	100	0	170	0	100	0	170
10:30:00	37800	470	76	0	564	470	76	0	564
10:35:00	38100	0	272	0	292	0	272	0	292
10:40:00	38400	0	102	0	190	0	102	0	190
10:45:00	38700	464	82	0	572	464	82	0	572
10:50:00	39000	0	290	0	282	0	290	0	282
10:55:00	39300	0	89	0	193	0	89	0	193
11:00:00	39600	517	109	0	601	517	109	0	601
11:05:00	39900	0	292	0	309	0	292	0	309
11:10:00	40200	0	121	0	188	0	121	0	188
11:15:00	40500	475	89	0	574	475	89	0	574
11:20:00	40800	0	300	0	274	0	300	0	274
11:25:00	41100	0	107	0	167	0	107	0	167
11:30:00	41400	471	79	0	559	471	79	0	559
11:35:00	41700	0	269	0	290	0	269	0	290
11:40:00	42000	0	129	0	161	0	129	0	161
11:45:00	42300	582	89	0	654	582	89	0	654
11:50:00	42600	0	308	0	346	0	308	0	346
11:55:00	42900	0	146	0	200	0	146	0	200
12:00:00	43200	587	94	0	693	587	94	0	693
12:05:00	43500	0	331	0	362	0	331	0	362
12:10:00	43800	0	141	0	221	0	141	0	221
12:15:00	44100	545	98	0	668	545	98	0	668
12:20:00	44400	0	357	0	311	0	357	0	311
12:25:00	44700	0	134	0	177	0	134	0	177
12:30:00	45000	542	94	0	625	542	94	0	625
12:35:00	45300	0	326	0	299	0	326	0	299
12:40:00	45600	0	125	0	174	0	125	0	174
12:45:00	45900	592	88	0	678	592	88	0	678
12:50:00	46200	0	353	0	325	0	353	0	325
12:55:00	46500	0	144	0	181	0	144	0	181
13:00:00	46800	534	96	0	619	534	96	0	619
13:05:00	47100	0	348	0	271	0	348	0	271
13:10:00	47400	0	104	0	167	0	104	0	167
13:15:00	47700	574	90	0	651	574	90	0	651
13:20:00	48000	0	343	0	308	0	343	0	308
13:25:00	48300	0	120	0	188	0	120	0	188
13:30:00	48600	534	86	0	636	534	86	0	636
13:35:00	48900	0	317	0	319	0	317	0	319
13:40:00	49200	0	122	0	197	0	122	0	197
13:45:00	49500	584	73	0	708	584	73	0	708
13:50:00	49800	0	339	0	369	0	339	0	369
13:55:00	50100	0	134	0	235	0	134	0	235
14:00:00	50400	540	113	0	662	540	113	0	662
14:05:00	50700	0	322	0	340	0	322	0	340
14:10:00	51000	0	117	0	223	0	117	0	223
14:15:00	51300	553	110	0	666	553	110	0	666
14:20:00	51600	0	333	0	333	0	333	0	333
14:25:00	51900	0	136	0	197	0	136	0	197
14:30:00	52200	529	119	0	607	529	119	0	607
14:35:00	52500	0	309	0	298	0	309	0	298
14:40:00	52800	0	119	0	179	0	119	0	179
14:45:00	53100	600	91	0	688	600	91	0	688
14:50:00	53400	0	325	0	363	0	325	0	363
14:55:00	53700	0	149	0	214	0	149	0	214
15:00:00	54000	542	108	0	648	542	108	0	648
15:05:00	54300	0	349	0	299	0	349	0	299
15:10:00	54600	0	117	0	182	0	117	0	182
15:15:00	54900	534	87	0	629	534	87	0	629
15:20:00	55200	0	325	0	304	0	325	0	304
15:25:00	55500	0	141	0	163	0	141	0	163
15:30:00	55800	539	81	0	621	539	81	0	621
15:35:00	56100	0	304	0	317	0	304	0	317
15:40:00	56400	0	135	0	182	0	135	0	182
15:45:00	56700	558	86	0	654	558	86	0	654
15:50:00	57000	0	325	0	329	0	325	0	329
15:55:00	57300	0	124	0	205	0	124	0	205
16:00:00	57600	612	84	0	733	612	84	0	733
16:05:00	57900	0	332	0	401	0	332	0	401
16:10:00	58200	0	167	0	234	0	167	0	234
16:15:00	58500	608	122	0	720	608	122	0	720
16:20:00	58800	0	345	0	375	0	345	0	375
16:25:00	59100	0	177	0	198	0	177	0	198
16:30:00	59400	695	109	0	784	695	109	0	784
16:35:00	59700	0	343	0	441	0	343	0	441
16:40:00	60000	0	196	0	245	0	196	0	245
16:45:00	60300	670	114	0	801	670	114	0	801
16:50:00	60600	0	376	0	425	0	376	0	425
16:55:00	60900	0	184	0	241	0	184	0	241
17:00:00	61200	681	131	0	791	681	131	0	791
17:05:00	61500	0	391	0	400	0	391	0	400
17:10:00	61800	0	186	0	214	0	186	0	214
17:15:00	62100	663	114	0	763	663	114	0	763
17:20:00	62400	0	379	0	384	0	379	0	384
17:25:00	62700	0	190	0	194	0	190	0	194
17:30:00	63000	660	110	0	744	660	110	0	744
17:35:00	63300	0	379	0	365	0	379	0	365
17:40:00	63600	0	181	0	184	0	181	0	184
17:45:00	63900	613	115	0	682	613	115	0	682
17:50:00	64200	0	364	0	318	0	364	0	318
17:55:00	64500	0	161	0	157	0	161	0	157
18:00:00	64800	610	98	0	669	610	98	0	669
18:05:00	65100	0	332	0	337	0	332	0	337
18:10:00	65400	0	155	0	182	0	155	0	182
18:15:00	65700	604	118	0	668	604	118	0	668
18:20:00	66000	0	333	0	335	0	333	0	335
18:25:00	66300	0	153	0	182	0	153	0	182
18:30:00	66600	589	113	0	658	589	113	0	658
18:35:00	66900	0	316	0	342	0	316	0	342
18:40:00	67200	0	169	0	173	0	169	0	173
18:45:00	67500	522	103	0	592	522	103	0	592
18:50:00	67800	0	295	0	297	0	295	0	297
18:55:00	68100	0	138	0	159	0	138	0	159
19:00:00	68400	476	78	0	557	476	78	0	557
19:05:00	68700	0	266	0	291	0	266	0	291
19:10:00	69000	0	141	0	150	0	141	0	150
19:15:00	69300	473	85	0	538	473	85	0	538
19:20:00	69600	0	264	0	274	0	264	0	274
19:25:00	69900	0	112	0	162	0	112	0	162
19:30:00	70200	472	102	0	532	472	102	0	532
19:35:00	70500	0	215	0	317	0	215	0	317
19:40:00	70800	0	134	0	183	0	134	0	183
19:45:00	71100	397	98	0	482	397	98	0	482
19:50:00	71400	0	230	0	252	0	230	0	252
19:55:00	71700	0	107	0	145	0	107	0	145
20:00:00	72000	404	91	0	458	404	91	0	458
20:05:00	72300	0	201	0	257	0	201	0	257
20:10:00	72600	0	84	0	173	0	84	0	173
20:15:00	72900	373	84	0	462	373	84	0	462
20:20:00	73200	0	190	0	272	0	190	0	272
20:25:00	73500	0	93	0	179	0	93	0	179
20:30:00	73800	362	95	0	446	362	95	0	446
20:35:00	74100	0	159	0	287	0	159	0	287
20:40:00	74400	0	96	0	191	0	96	0	191
20:45:00	74700	338	80	0	449	338	80	0	449
20:50:00	75000	0	174	0	275	0	174	0	275
20:55:00	75300	0	77	0	198	0	77	0	198
21:00:00	75600	338	87	0	449	338	87	0	449
21:05:00	75900	0	179	0	270	0	179	0	270
21:10:00	76200	0	102	0	168	0	102	0	168
21:15:00	76500	329	75	0	422	329	75	0	422
21:20:00	76800	0	173	0	249	0	173	0	249
21:25:00	77100	0	105	0	144	0	105	0	144
21:30:00	77400	265	74	0	335	265	74	0	335
21:35:00	77700	0	141	0	194	0	141	0	194
21:40:00	78000	0	79	0	115	0	79	0	115
21:45:00	78300	282	58	0	339	282	58	0	339
21:50:00	78600	0	113	0	226	0	113	0	226
21:55:00	78900	0	85	0	141	0	85	0	141
22:00:00	79200	254	68	0	327	254	68	0	327
22:05:00	79500	0	100	0	227	0	100	0	227
22:10:00	79800	0	79	0	148	0	79	0	148
22:15:00	80100	233	69	0	312	233	69	0	312
22:20:00	80400	0	112	0	200	0	112	0	200
22:25:00	80700	0	79	0	121	0	79	0	121
22:30:00	81000	233	60	0	294	233	60	0	294
22:35:00	81300	0	109	0	185	0	109	0	185
22:40:00	81600	0	68	0	117	0	68	0	117
22:45:00	81900	212	56	0	273	212	56	0	273
22:50:00	82200	0	99	0	174	0	99	0	174
22:55:00	82500	0	63	0	111	0	63	0	111
23:00:00	82800	173	40	0	244	173	40	0	244
23:05:00	83100	0	90	0	154	0	90	0	154
23:10:00	83400	0	61	0	93	0	61	0	93
23:15:00	83700	169	36	0	226	169	36	0	226
23:20:00	84000	0	79	0	147	0	79	0	147
23:25:00	84300	0	55	0	92	0	55	0	92
23:30:00	84600	163	43	0	212	163	43	0	212
23:35:00	84900	0	68	0	144	0	68	0	144
23:40:00	85200	0	51	0	93	0	51	0	93
23:45:00	85500	111	40	0	164	111	40	0	164
23:50:00	85800	0	48	0	116	0	48	0	116
23:55:00	86100	0	47	0	69	0	47	0	69
24:00:00	86400	0	20	0	49	0	20	0	49
24:05:00	86700	0	17	0	32	0	17	0	32
24:10:00	87000	0	19	0	13	0	19	0	13
24:15:00	87300	0	3	0	10	0	3	0	10
24:20:00	87600	0	8	0	2	0	8	0	2
24:25:00	87900	0	2	0	0	0	2	0	0
24:30:00	88200	0	0	0	0	0	0	0	0
24:35:00	88500	0	0	0	0	0	0	0	0
24:40:00	88800	0	0	0	0	0	0	0	0
24:45:00	89100	0	0	0	0	0	0	0	0
24:50:00	89400	0	0	0	0	0	0	0	0
24:55:00	89700	0	0	0	0	0	0	0	0
25:00:00	90000	0	0	0	0	0	0	0	0
25:05:00	90300	0	0	0	0	0	0	0	0
25:10:00	90600	0	0	0	0	0	0	0	0
25:15:00	90900	0	0	0	0	0	0	0	0
25:20:00	91200	0	0	0	0	0	0	0	0
25:25:00	91500	0	0	0	0	0	0	0	0
25:30:00	91800	0	0	0	0	0	0	0	0
25:35:00	92100	0	0	0	0	0	0	0	0
25:40:00	92400	0	0	0	0	0	0	0	0
25:45:00	92700	0	0	0	0	0	0	0	0
25:50:00	93000	0	0	0	0	0	0	0	0
25:55:00	93300	0	0	0	0	0	0	0	0
26:00:00	93600	0	0	0	0	0	0	0	0
26:05:00	93900	0	0	0	0	0	0	0	0
26:10:00	94200	0	0	0	0	0	0	0	0
26:15:00	94500	0	0	0	0	0	0	0	0
26:20:00	94800	0	0	0	0	0	0	0	0
26:25:00	95100	0	0	0	0	0	0	0	0
26:30:00	95400	0	0	0	0	0	0	0	0
26:35:00	95700	0	0	0	0	0	0	0	0
26:40:00	96000	0	0	0	0	0	0	0	0
26:45:00	96300	0	0	0	0	0	0	0	0
26:50:00	96600	0	0	0	0	0	0	0	0
26:55:00	96900	0	0	0	0	0	0	0	0
27:00:00	97200	0	0	0	0	0	0	0	0
27:05:00	97500	0	0	0	0	0	0	0	0
27:10:00	97800	0	0	0	0	0	0	0	0
27:15:00	98100	0	0	0	0	0	0	0	0
27:20:00	98400	0	0	0	0	0	0	0	0
27:25:00	98700	0	0	0	0	0	0	0	0
27:30:00	99000	0	0	0	0	0	0	0	0
27:35:00	99300	0	0	0	0	0	0	0	0
27:40:00	99600	0	0	0	0	0	0	0	0
27:45:00	99900	0	0	0	0	0	0	0	0
27:50:00	100200	0	0	0	0	0	0	0	0
27:55:00	100500	0	0	0	0	0	0	0	0
28:00:00	100800	0	0	0	0	0	0	0	0
28:05:00	101100	0	0	0	0	0	0	0	0
28:10:00	101400	0	0	0	0	0	0	0	0
28:15:00	101700	0	0	0	0	0	0	0	0
28:20:00	102000	0	0	0	0	0	0	0	0
28:25:00	102300	0	0	0	0	0	0	0	0
28:30:00	102600	0	0	0	0	0	0	0	0
28:35:00	102900	0	0	0	0	0	0	0	0
28:40:00	103200	0	0	0	0	0	0	0	0
28:45:00	103500	0	0	0	0	0	0	0	0
28:50:00	103800	0	0	0	0	0	0	0	0
28:55:00	104100	0	0	0	0	0	0	0	0
29:00:00	104400	0	0	0	0	0	0	0	0
29:05:00	104700	0	0	0	0	0	0	0	0
29:10:00	105000	0	0	0	0	0	0	0	0
29:15:00	105300	0	0	0	0	0	0	0	0
29:20:00	105600	0	0	0	0	0	0	0	0
29:25:00	105900	0	0	0	0	0	0	0	0
29:30:00	106200	0	0	0	0	0	0	0	0
29:35:00	106500	0	0	0	0	0	0	0	0
29:40:00	106800	0	0	0	0	0	0	0	0
29:45:00	107100	0	0	0	0	0	0	0	0
29:50:00	107400	0	0	0	0	0	0	0	0
29:55:00	107700	0	0	0	0	0	0	0	0
30:00:00	108000	0	0	0	0	0	0	0	0
30:05:00	108300	0	0	0	0	0	0	0	0
