time	EMPTY_DRIVE	PICKUP	OCCUPIED_DRIVE	DROPOFF	STAY	UNPLANNED
00:00	0.0	0.0	0.0	0.0	0.0	0.0
00:05	116.0	43.0	19.0	3.0	819.0	0.0
00:10	31.0	37.0	96.0	5.0	831.0	0.0
00:15	9.0	4.0	114.0	6.0	867.0	0.0
00:20	120.0	29.0	116.0	8.0	727.0	0.0
00:25	46.0	25.0	143.0	10.0	776.0	0.0
00:30	19.0	15.0	128.0	9.0	829.0	0.0
00:35	59.0	35.0	150.0	8.0	748.0	0.0
00:40	30.0	7.0	144.0	16.0	803.0	0.0
00:45	10.0	14.0	108.0	10.0	858.0	0.0
00:50	44.0	20.0	140.0	12.0	784.0	0.0
00:55	6.0	9.0	127.0	15.0	843.0	0.0
01:00	0.0	0.0	97.0	12.0	891.0	0.0
01:05	38.0	14.0	135.0	8.0	805.0	0.0
01:10	11.0	2.0	105.0	17.0	865.0	0.0
01:15	0.0	1.0	82.0	4.0	913.0	0.0
01:20	45.0	11.0	101.0	6.0	837.0	0.0
01:25	16.0	1.0	94.0	11.0	878.0	0.0
01:30	0.0	16.0	65.0	9.0	910.0	0.0
01:35	64.0	14.0	90.0	8.0	824.0	0.0
01:40	15.0	3.0	113.0	11.0	858.0	0.0
01:45	4.0	11.0	83.0	8.0	894.0	0.0
01:50	41.0	8.0	121.0	3.0	827.0	0.0
01:55	14.0	9.0	87.0	14.0	876.0	0.0
02:00	0.0	9.0	66.0	5.0	920.0	0.0
02:05	44.0	11.0	111.0	3.0	831.0	0.0
02:10	7.0	6.0	110.0	6.0	871.0	0.0
02:15	0.0	3.0	82.0	8.0	907.0	0.0
02:20	67.0	9.0	69.0	7.0	848.0	0.0
02:25	44.0	11.0	61.0	5.0	879.0	0.0
02:30	22.0	9.0	55.0	2.0	912.0	0.0
02:35	36.0	11.0	92.0	4.0	857.0	0.0
02:40	15.0	8.0	87.0	4.0	886.0	0.0
02:45	1.0	10.0	69.0	7.0	913.0	0.0
02:50	28.0	10.0	97.0	3.0	862.0	0.0
02:55	12.0	8.0	81.0	9.0	890.0	0.0
03:00	6.0	3.0	57.0	3.0	931.0	0.0
03:05	29.0	4.0	79.0	2.0	886.0	0.0
03:10	5.0	7.0	63.0	8.0	917.0	0.0
03:15	3.0	2.0	45.0	3.0	947.0	0.0
03:20	41.0	4.0	59.0	1.0	895.0	0.0
03:25	13.0	10.0	59.0	10.0	908.0	0.0
03:30	4.0	5.0	53.0	4.0	934.0	0.0
03:35	36.0	7.0	54.0	4.0	899.0	0.0
03:40	10.0	8.0	65.0	5.0	912.0	0.0
03:45	0.0	0.0	50.0	2.0	948.0	0.0
03:50	46.0	3.0	54.0	4.0	893.0	0.0
03:55	19.0	7.0	51.0	8.0	915.0	0.0
04:00	8.0	7.0	40.0	3.0	942.0	0.0
04:05	38.0	8.0	73.0	4.0	877.0	0.0
04:10	14.0	7.0	66.0	7.0	906.0	0.0
04:15	5.0	6.0	51.0	7.0	931.0	0.0
04:20	29.0	7.0	66.0	1.0	897.0	0.0
04:25	9.0	8.0	61.0	6.0	916.0	0.0
04:30	0.0	5.0	49.0	1.0	945.0	0.0
04:35	33.0	5.0	55.0	1.0	906.0	0.0
04:40	14.0	7.0	50.0	6.0	923.0	0.0
04:45	0.0	4.0	50.0	5.0	941.0	0.0
04:50	41.0	1.0	64.0	3.0	891.0	0.0
04:55	26.0	3.0	47.0	5.0	919.0	0.0
05:00	0.0	4.0	51.0	7.0	938.0	0.0
05:05	49.0	2.0	61.0	6.0	882.0	0.0
05:10	32.0	10.0	50.0	4.0	904.0	0.0
05:15	0.0	7.0	62.0	4.0	927.0	0.0
05:20	34.0	4.0	78.0	8.0	876.0	0.0
05:25	16.0	7.0	66.0	7.0	904.0	0.0
05:30	0.0	0.0	63.0	8.0	929.0	0.0
05:35	41.0	4.0	72.0	5.0	878.0	0.0
05:40	21.0	12.0	58.0	5.0	904.0	0.0
05:45	0.0	4.0	63.0	8.0	925.0	0.0
05:50	51.0	7.0	74.0	0.0	868.0	0.0
05:55	26.0	9.0	61.0	4.0	900.0	0.0
06:00	3.0	5.0	63.0	12.0	917.0	0.0
06:05	40.0	5.0	67.0	3.0	885.0	0.0
06:10	11.0	7.0	66.0	6.0	910.0	0.0
06:15	0.0	0.0	63.0	7.0	930.0	0.0
06:20	83.0	8.0	60.0	10.0	839.0	0.0
06:25	45.0	20.0	60.0	7.0	868.0	0.0
06:30	15.0	7.0	75.0	7.0	896.0	0.0
06:35	83.0	13.0	114.0	4.0	786.0	0.0
06:40	64.0	8.0	74.0	8.0	846.0	0.0
06:45	27.0	9.0	86.0	9.0	869.0	0.0
06:50	113.0	12.0	129.0	12.0	734.0	0.0
06:55	74.0	9.0	96.0	5.0	816.0	0.0
07:00	38.0	10.0	97.0	6.0	849.0	0.0
07:05	65.0	25.0	184.0	10.0	716.0	0.0
07:10	35.0	9.0	117.0	16.0	823.0	0.0
07:15	23.0	5.0	91.0	7.0	874.0	0.0
07:20	101.0	17.0	185.0	22.0	675.0	0.0
07:25	57.0	12.0	123.0	15.0	793.0	0.0
07:30	34.0	4.0	104.0	7.0	851.0	0.0
07:35	121.0	22.0	204.0	18.0	635.0	0.0
07:40	74.0	17.0	127.0	16.0	766.0	0.0
07:45	38.0	13.0	111.0	6.0	832.0	0.0
07:50	174.0	28.0	230.0	28.0	540.0	0.0
07:55	135.0	13.0	114.0	32.0	706.0	0.0
08:00	92.0	18.0	93.0	9.0	788.0	0.0
08:05	187.0	44.0	260.0	39.0	470.0	0.0
08:10	145.0	13.0	144.0	24.0	674.0	0.0
08:15	79.0	22.0	136.0	11.0	752.0	0.0
08:20	175.0	41.0	314.0	32.0	438.0	0.0
08:25	108.0	18.0	171.0	28.0	675.0	0.0
08:30	61.0	23.0	134.0	10.0	772.0	0.0
08:35	145.0	65.0	361.0	55.0	374.0	0.0
08:40	105.0	8.0	194.0	41.0	652.0	0.0
08:45	53.0	23.0	140.0	13.0	771.0	0.0
08:50	193.0	84.0	363.0	52.0	308.0	0.0
08:55	143.0	11.0	201.0	47.0	598.0	0.0
09:00	87.0	23.0	135.0	14.0	741.0	0.0
09:05	194.0	92.0	385.0	50.0	279.0	0.0
09:10	119.0	18.0	227.0	38.0	598.0	0.0
09:15	72.0	15.0	151.0	21.0	741.0	0.0
09:20	138.0	99.0	408.0	44.0	311.0	0.0
09:25	76.0	14.0	225.0	44.0	641.0	0.0
09:30	33.0	16.0	147.0	13.0	791.0	0.0
09:35	106.0	62.0	389.0	46.0	397.0	0.0
09:40	41.0	17.0	214.0	46.0	682.0	0.0
09:45	20.0	8.0	132.0	22.0	818.0	0.0
09:50	140.0	81.0	415.0	55.0	309.0	0.0
09:55	73.0	12.0	224.0	46.0	645.0	0.0
10:00	34.0	15.0	128.0	18.0	805.0	0.0
10:05	130.0	58.0	403.0	47.0	362.0	0.0
10:10	53.0	19.0	212.0	42.0	674.0	0.0
10:15	22.0	10.0	136.0	19.0	813.0	0.0
10:20	89.0	44.0	373.0	39.0	455.0	0.0
10:25	39.0	17.0	187.0	27.0	730.0	0.0
10:30	11.0	5.0	139.0	15.0	830.0	0.0
10:35	105.0	37.0	368.0	54.0	436.0	0.0
10:40	53.0	16.0	200.0	23.0	708.0	0.0
10:45	21.0	6.0	146.0	17.0	810.0	0.0
10:50	110.0	36.0	375.0	51.0	428.0	0.0
10:55	37.0	18.0	205.0	22.0	718.0	0.0
11:00	14.0	7.0	150.0	22.0	807.0	0.0
11:05	131.0	43.0	384.0	43.0	399.0	0.0
11:10	69.0	15.0	193.0	32.0	691.0	0.0
11:15	26.0	17.0	126.0	19.0	812.0	0.0
11:20	78.0	45.0	397.0	54.0	426.0	0.0
11:25	33.0	10.0	199.0	32.0	726.0	0.0
11:30	11.0	5.0	137.0	14.0	833.0	0.0
11:35	71.0	35.0	404.0	49.0	441.0	0.0
11:40	23.0	17.0	208.0	42.0	710.0	0.0
11:45	9.0	2.0	136.0	14.0	839.0	0.0
11:50	149.0	27.0	434.0	44.0	346.0	0.0
11:55	70.0	25.0	203.0	48.0	654.0	0.0
12:00	25.0	13.0	146.0	16.0	800.0	0.0
12:05	147.0	64.0	432.0	50.0	307.0	0.0
12:10	69.0	21.0	231.0	41.0	638.0	0.0
12:15	31.0	16.0	149.0	25.0	779.0	0.0
12:20	109.0	56.0	438.0	65.0	332.0	0.0
12:25	46.0	22.0	195.0	48.0	689.0	0.0
12:30	20.0	6.0	135.0	16.0	823.0	0.0
12:35	88.0	52.0	437.0	48.0	375.0	0.0
12:40	34.0	19.0	213.0	33.0	701.0	0.0
12:45	17.0	2.0	138.0	17.0	826.0	0.0
12:50	107.0	35.0	482.0	54.0	322.0	0.0
12:55	41.0	25.0	222.0	37.0	675.0	0.0
13:00	18.0	9.0	135.0	19.0	819.0	0.0
13:05	69.0	29.0	457.0	64.0	381.0	0.0
13:10	32.0	15.0	198.0	26.0	729.0	0.0
13:15	16.0	6.0	125.0	20.0	833.0	0.0
13:20	114.0	47.0	430.0	60.0	349.0	0.0
13:25	53.0	21.0	197.0	37.0	692.0	0.0
13:30	20.0	7.0	142.0	19.0	812.0	0.0
13:35	127.0	55.0	392.0	62.0	364.0	0.0
13:40	68.0	21.0	198.0	32.0	681.0	0.0
13:45	28.0	10.0	147.0	12.0	803.0	0.0
13:50	137.0	71.0	441.0	58.0	293.0	0.0
13:55	64.0	37.0	229.0	39.0	631.0	0.0
14:00	29.0	7.0	178.0	21.0	765.0	0.0
14:05	115.0	69.0	420.0	58.0	338.0	0.0
14:10	59.0	14.0	235.0	32.0	660.0	0.0
14:15	17.0	8.0	171.0	27.0	777.0	0.0
14:20	104.0	72.0	431.0	59.0	334.0	0.0
14:25	41.0	23.0	235.0	34.0	667.0	0.0
14:30	13.0	11.0	155.0	18.0	803.0	0.0
14:35	108.0	48.0	395.0	56.0	393.0	0.0
14:40	59.0	24.0	182.0	33.0	702.0	0.0
14:45	16.0	10.0	136.0	17.0	821.0	0.0
14:50	128.0	59.0	452.0	49.0	312.0	0.0
14:55	64.0	21.0	234.0	44.0	637.0	0.0
15:00	18.0	19.0	158.0	19.0	786.0	0.0
15:05	71.0	49.0	468.0	60.0	352.0	0.0
15:10	24.0	26.0	211.0	38.0	701.0	0.0
15:15	7.0	7.0	144.0	24.0	818.0	0.0
15:20	71.0	90.0	424.0	44.0	371.0	0.0
15:25	24.0	21.0	221.0	38.0	696.0	0.0
15:30	10.0	3.0	130.0	20.0	837.0	0.0
15:35	108.0	78.0	383.0	52.0	379.0	0.0
15:40	38.0	27.0	205.0	47.0	683.0	0.0
15:45	13.0	10.0	146.0	13.0	818.0	0.0
15:50	104.0	76.0	431.0	43.0	346.0	0.0
15:55	48.0	18.0	225.0	38.0	671.0	0.0
16:00	19.0	8.0	156.0	22.0	795.0	0.0
16:05	173.0	75.0	426.0	59.0	267.0	0.0
16:10	68.0	50.0	246.0	37.0	599.0	0.0
16:15	31.0	12.0	154.0	37.0	766.0	0.0
16:20	161.0	83.0	407.0	69.0	280.0	0.0
16:25	55.0	35.0	236.0	49.0	625.0	0.0
16:30	20.0	13.0	142.0	23.0	802.0	0.0
16:35	198.0	87.0	438.0	61.0	216.0	0.0
16:40	86.0	33.0	265.0	57.0	559.0	0.0
16:45	43.0	21.0	155.0	26.0	755.0	0.0
16:50	170.0	110.0	464.0	57.0	199.0	0.0
16:55	69.0	42.0	265.0	49.0	575.0	0.0
17:00	18.0	12.0	191.0	20.0	759.0	0.0
17:05	152.0	107.0	479.0	53.0	209.0	0.0
17:10	58.0	44.0	247.0	51.0	600.0	0.0
17:15	26.0	13.0	151.0	24.0	786.0	0.0
17:20	138.0	93.0	480.0	52.0	237.0	0.0
17:25	44.0	42.0	245.0	53.0	616.0	0.0
17:30	17.0	6.0	150.0	21.0	806.0	0.0
17:35	144.0	87.0	451.0	62.0	256.0	0.0
17:40	38.0	41.0	247.0	39.0	635.0	0.0
17:45	11.0	9.0	139.0	25.0	816.0	0.0
17:50	101.0	77.0	440.0	64.0	318.0	0.0
17:55	19.0	28.0	228.0	43.0	682.0	0.0
18:00	9.0	5.0	119.0	24.0	843.0	0.0
18:05	147.0	77.0	398.0	47.0	331.0	0.0
18:10	33.0	43.0	213.0	48.0	663.0	0.0
18:15	9.0	4.0	148.0	21.0	818.0	0.0
18:20	136.0	70.0	409.0	53.0	332.0	0.0
18:25	35.0	34.0	225.0	41.0	665.0	0.0
18:30	9.0	7.0	145.0	21.0	818.0	0.0
18:35	150.0	66.0	391.0	51.0	342.0	0.0
18:40	37.0	32.0	220.0	53.0	658.0	0.0
18:45	14.0	12.0	126.0	21.0	827.0	0.0
18:50	96.0	54.0	384.0	58.0	408.0	0.0
18:55	33.0	21.0	212.0	31.0	703.0	0.0
19:00	11.0	8.0	128.0	12.0	841.0	0.0
19:05	99.0	69.0	346.0	43.0	443.0	0.0
19:10	28.0	24.0	197.0	42.0	709.0	0.0
19:15	9.0	9.0	110.0	22.0	850.0	0.0
19:20	107.0	72.0	321.0	38.0	462.0	0.0
19:25	28.0	34.0	185.0	27.0	726.0	0.0
19:30	4.0	10.0	131.0	17.0	838.0	0.0
19:35	140.0	63.0	295.0	34.0	468.0	0.0
19:40	56.0	26.0	198.0	37.0	683.0	0.0
19:45	9.0	13.0	142.0	19.0	817.0	0.0
19:50	65.0	56.0	316.0	45.0	518.0	0.0
19:55	27.0	18.0	177.0	30.0	748.0	0.0
20:00	3.0	4.0	118.0	20.0	855.0	0.0
20:05	121.0	37.0	269.0	31.0	542.0	0.0
20:10	43.0	29.0	170.0	15.0	743.0	0.0
20:15	8.0	7.0	137.0	21.0	827.0	0.0
20:20	119.0	42.0	258.0	43.0	538.0	0.0
20:25	65.0	27.0	155.0	25.0	728.0	0.0
20:30	14.0	14.0	138.0	13.0	821.0	0.0
20:35	124.0	34.0	260.0	28.0	554.0	0.0
20:40	61.0	30.0	174.0	22.0	713.0	0.0
20:45	29.0	10.0	139.0	13.0	809.0	0.0
20:50	120.0	32.0	259.0	38.0	551.0	0.0
20:55	55.0	31.0	172.0	17.0	725.0	0.0
21:00	30.0	9.0	138.0	21.0	802.0	0.0
21:05	91.0	40.0	288.0	30.0	551.0	0.0
21:10	49.0	21.0	174.0	26.0	730.0	0.0
21:15	3.0	16.0	137.0	12.0	832.0	0.0
21:20	65.0	37.0	286.0	34.0	578.0	0.0
21:25	11.0	33.0	183.0	22.0	751.0	0.0
21:30	4.0	2.0	125.0	13.0	856.0	0.0
21:35	45.0	54.0	214.0	22.0	665.0	0.0
21:40	17.0	15.0	137.0	25.0	806.0	0.0
21:45	0.0	4.0	93.0	18.0	885.0	0.0
21:50	84.0	35.0	194.0	26.0	661.0	0.0
21:55	51.0	18.0	132.0	25.0	774.0	0.0
22:00	20.0	12.0	94.0	15.0	859.0	0.0
22:05	82.0	50.0	170.0	25.0	673.0	0.0
22:10	41.0	17.0	154.0	15.0	773.0	0.0
22:15	21.0	7.0	107.0	13.0	852.0	0.0
22:20	71.0	48.0	173.0	20.0	688.0	0.0
22:25	29.0	17.0	137.0	17.0	800.0	0.0
22:30	7.0	5.0	95.0	14.0	879.0	0.0
22:35	62.0	50.0	154.0	28.0	706.0	0.0
22:40	36.0	12.0	121.0	16.0	815.0	0.0
22:45	19.0	8.0	74.0	16.0	883.0	0.0
22:50	39.0	42.0	180.0	12.0	727.0	0.0
22:55	22.0	4.0	136.0	12.0	826.0	0.0
23:00	14.0	3.0	83.0	11.0	889.0	0.0
23:05	41.0	27.0	161.0	15.0	756.0	0.0
23:10	23.0	8.0	110.0	13.0	846.0	0.0
23:15	12.0	4.0	74.0	3.0	907.0	0.0
23:20	44.0	21.0	146.0	15.0	774.0	0.0
23:25	20.0	7.0	104.0	16.0	853.0	0.0
23:30	4.0	6.0	74.0	8.0	908.0	0.0
23:35	46.0	24.0	125.0	17.0	788.0	0.0
23:40	33.0	8.0	96.0	7.0	856.0	0.0
23:45	19.0	4.0	64.0	6.0	907.0	0.0
23:50	24.0	24.0	108.0	8.0	836.0	0.0
23:55	9.0	6.0	91.0	10.0	884.0	0.0
24:00	4.0	4.0	58.0	3.0	931.0	0.0
24:05	0.0	0.0	48.0	1.0	0.0	0.0
24:10	0.0	0.0	26.0	6.0	0.0	0.0
24:15	0.0	0.0	12.0	1.0	0.0	0.0
24:20	0.0	0.0	9.0	1.0	0.0	0.0
24:25	0.0	0.0	1.0	1.0	0.0	0.0
