Passenger Wait Time [s]
hour	n	avg	sd		min	2%ile	5%ile	25%ile	50%ile	75%ile	95%ile	98%ile	max
0	632	368.2	297.6		11	11	11	145	325	515	964	1135	1571
1	461	256.9	268.4		11	11	11	11	196	440	840	870	919
2	372	332.4	336.0		11	11	11	11	272	527	1000	1073	1115
3	281	332.8	299.3		11	11	11	11	333	498	908	1018	1041
4	285	322.5	295.5		11	11	11	11	295	544	803	899	927
5	316	363.5	308.9		11	11	11	11	416	653	790	852	1312
6	539	440.9	450.2		11	11	11	11	369	711	1306	1608	2077
7	1067	391.7	528.0		11	11	11	11	118	656	1573	1773	2275
8	1822	324.3	510.9		11	11	11	11	99	373	1651	1893	2485
9	2142	220.7	363.3		11	11	11	11	25	258	1099	1512	2447
10	1910	169.0	283.3		11	11	11	11	11	228	758	1093	2089
11	2045	171.0	297.4		11	11	11	11	11	216	786	1145	1842
12	2266	157.9	283.1		11	11	11	11	11	207	765	1139	2123
13	2226	167.4	304.5		11	11	11	11	11	209	795	1173	1853
14	2222	164.0	274.5		11	11	11	11	11	230	771	1029	1951
15	2173	148.0	246.5		11	11	11	11	11	220	684	931	1890
16	2585	209.1	317.0		11	11	11	11	11	301	814	1204	2052
17	2617	161.0	254.1		11	11	11	11	11	245	636	915	1830
18	2325	167.6	244.7		11	11	11	11	11	266	690	886	1824
19	1818	181.1	241.9		11	11	11	11	28	270	715	857	1810
20	1477	252.0	330.3		11	11	11	11	108	439	934	1133	2055
21	1214	189.7	259.9		11	11	11	11	11	260	780	905	1553
22	932	239.1	312.5		11	11	11	11	127	326	952	1091	1984
23	616	225.0	297.9		11	11	11	11	124	302	946	1044	1149
24	0	NaN	NaN		NaN	NaN	NaN	NaN	NaN	NaN	NaN	NaN	NaN
daily	34343	210.5	325.1		11	11	11	11	11	294	862	1218	2485

Vehicle Empty Drive Ratio
hour	fleetAvg	avg	sd		min	2%ile	5%ile	25%ile	50%ile	75%ile	95%ile	98%ile	max
0	0.3572	0.3704	0.1622		0.055	0.095	0.136	0.256	0.351	0.463	0.687	0.782	0.961
1	0.2460	0.2294	0.2321		0.000	0.000	0.000	0.000	0.223	0.358	0.641	1.000	1.000
2	0.2886	0.2635	0.2420		0.000	0.000	0.000	0.000	0.273	0.417	0.734	1.000	1.000
3	0.3105	0.2956	0.2770		0.000	0.000	0.000	0.000	0.300	0.432	1.000	1.000	1.000
4	0.3051	0.3051	0.2776		0.000	0.000	0.000	0.000	0.275	0.475	0.915	0.970	0.994
5	0.3254	0.3257	0.2638		0.000	0.000	0.000	0.000	0.331	0.465	0.859	1.000	1.000
6	0.4322	0.4638	0.3362		0.000	0.000	0.000	0.200	0.426	0.755	1.000	1.000	1.000
7	0.4209	0.4578	0.3453		0.000	0.000	0.000	0.165	0.388	0.763	1.000	1.000	1.000
8	0.4350	0.4468	0.3116		0.000	0.000	0.000	0.198	0.397	0.687	1.000	1.000	1.000
9	0.3398	0.3209	0.2392		0.000	0.000	0.000	0.130	0.305	0.480	0.750	0.893	1.000
10	0.2666	0.2351	0.2142		0.000	0.000	0.000	0.000	0.195	0.369	0.615	0.763	1.000
11	0.2620	0.2333	0.2222		0.000	0.000	0.000	0.000	0.194	0.384	0.644	0.777	1.000
12	0.2583	0.2404	0.2261		0.000	0.000	0.000	0.000	0.204	0.385	0.657	0.815	1.000
13	0.2643	0.2446	0.2311		0.000	0.000	0.000	0.000	0.213	0.388	0.661	0.826	1.000
14	0.2597	0.2388	0.2070		0.000	0.000	0.000	0.024	0.218	0.370	0.602	0.729	1.000
15	0.2326	0.2170	0.1992		0.000	0.000	0.000	0.000	0.195	0.342	0.576	0.731	1.000
16	0.3279	0.3264	0.2375		0.000	0.000	0.000	0.152	0.308	0.461	0.798	0.920	1.000
17	0.2737	0.2438	0.2057		0.000	0.000	0.000	0.000	0.231	0.407	0.598	0.668	0.859
18	0.2852	0.2571	0.2160		0.000	0.000	0.000	0.000	0.249	0.432	0.615	0.704	0.910
19	0.2845	0.2572	0.1932		0.000	0.000	0.000	0.095	0.256	0.396	0.578	0.645	0.906
20	0.3351	0.3054	0.2262		0.000	0.000	0.000	0.141	0.298	0.435	0.710	0.909	1.000
21	0.2598	0.2242	0.1982		0.000	0.000	0.000	0.000	0.202	0.361	0.593	0.658	1.000
22	0.2998	0.2707	0.1985		0.000	0.000	0.000	0.117	0.277	0.401	0.603	0.701	1.000
23	0.2650	0.2246	0.1798		0.000	0.000	0.000	0.000	0.223	0.363	0.522	0.595	0.810
24	0.0086	0.0036	0.0159		0.000	0.000	0.000	0.000	0.000	0.000	0.048	0.081	0.088
daily	0.3021	0.2986	0.0645		0.071	0.166	0.187	0.258	0.300	0.342	0.399	0.422	0.543

Vehicle Wait Ratio
hour	fleetAvg	avg	sd		min	2%ile	5%ile	25%ile	50%ile	75%ile	95%ile	98%ile	max
0	0.7958	0.7958	0.2892		0.032	0.164	0.242	0.503	1.000	1.000	1.000	1.000	1.000
1	0.8498	0.8498	0.2553		0.003	0.180	0.297	0.735	1.000	1.000	1.000	1.000	1.000
2	0.8683	0.8683	0.2521		0.003	0.182	0.270	0.889	1.000	1.000	1.000	1.000	1.000
3	0.9057	0.9057	0.2084		0.045	0.230	0.364	1.000	1.000	1.000	1.000	1.000	1.000
4	0.9053	0.9053	0.2158		0.058	0.205	0.329	1.000	1.000	1.000	1.000	1.000	1.000
5	0.8905	0.8905	0.2273		0.075	0.215	0.301	1.000	1.000	1.000	1.000	1.000	1.000
6	0.8343	0.8343	0.2548		0.013	0.214	0.309	0.687	1.000	1.000	1.000	1.000	1.000
7	0.7118	0.7118	0.3081		0.022	0.128	0.197	0.423	0.753	1.000	1.000	1.000	1.000
8	0.5387	0.5387	0.3022		0.000	0.071	0.147	0.304	0.446	0.753	1.000	1.000	1.000
9	0.5045	0.5045	0.2773		0.000	0.074	0.148	0.305	0.439	0.652	1.000	1.000	1.000
10	0.5794	0.5794	0.2987		0.002	0.105	0.178	0.329	0.522	0.955	1.000	1.000	1.000
11	0.5666	0.5666	0.2890		0.004	0.121	0.166	0.335	0.506	0.841	1.000	1.000	1.000
12	0.5236	0.5236	0.2802		0.006	0.106	0.163	0.316	0.452	0.670	1.000	1.000	1.000
13	0.5343	0.5343	0.2867		0.003	0.074	0.140	0.313	0.485	0.751	1.000	1.000	1.000
14	0.5217	0.5217	0.2872		0.003	0.085	0.146	0.310	0.451	0.689	1.000	1.000	1.000
15	0.5434	0.5434	0.2910		0.003	0.077	0.140	0.325	0.473	0.753	1.000	1.000	1.000
16	0.4416	0.4416	0.2399		0.000	0.082	0.131	0.283	0.401	0.524	1.000	1.000	1.000
17	0.4662	0.4662	0.2355		0.044	0.099	0.153	0.306	0.424	0.555	1.000	1.000	1.000
18	0.5337	0.5337	0.2692		0.003	0.124	0.176	0.334	0.476	0.681	1.000	1.000	1.000
19	0.6077	0.6077	0.2971		0.004	0.111	0.171	0.365	0.545	1.000	1.000	1.000	1.000
20	0.6440	0.6440	0.3208		0.003	0.093	0.153	0.353	0.629	1.000	1.000	1.000	1.000
21	0.7015	0.7015	0.3047		0.000	0.128	0.196	0.419	0.769	1.000	1.000	1.000	1.000
22	0.7577	0.7577	0.3131		0.015	0.129	0.173	0.463	1.000	1.000	1.000	1.000	1.000
23	0.8290	0.8290	0.2761		0.002	0.146	0.221	0.657	1.000	1.000	1.000	1.000	1.000
24	0.0000	0.0000	0.0000		0.000	0.000	0.000	0.000	0.000	0.000	0.000	0.000	0.000
daily	0.6686	0.6687	0.1444		0.335	0.415	0.447	0.560	0.659	0.762	0.940	1.000	1.000

Total duration of tasks by type [h]
hour	EMPTY_DRIVE	PICKUP	OCCUPIED_DRIVE	DROPOFF	STAY	all
0	62.24	21.07	112.02	8.84	795.83	1000.00
1	31.21	15.24	95.66	8.08	849.82	1000.00
2	32.64	12.24	80.46	6.37	868.29	1000.00
3	24.89	9.28	55.28	4.87	905.67	1000.00
4	24.47	9.86	55.72	4.69	905.25	1000.00
5	30.61	10.39	63.47	4.98	890.55	1000.00
6	61.03	16.73	80.20	7.78	834.25	1000.00
7	100.09	33.64	137.73	16.78	711.76	1000.00
8	161.26	60.90	209.48	29.66	538.70	1000.00
9	131.03	73.17	254.54	36.79	504.46	1000.00
10	86.43	64.48	237.78	31.91	579.40	1000.00
11	86.91	67.81	244.78	33.89	566.61	1000.00
12	93.64	75.74	268.92	38.10	523.60	1000.00
13	93.98	73.87	261.63	36.23	534.30	1000.00
14	95.21	74.36	271.37	37.36	521.70	1000.00
15	80.89	72.48	266.86	36.40	543.37	1000.00
16	140.93	86.10	288.91	42.45	441.61	1000.00
17	109.80	87.65	291.31	45.08	466.17	1000.00
18	99.94	77.37	250.47	38.57	533.65	1000.00
19	85.58	60.93	215.19	30.62	607.68	1000.00
20	95.16	48.26	188.83	23.77	643.99	1000.00
21	61.48	40.82	175.11	21.12	701.47	1000.00
22	58.43	31.36	136.49	16.01	757.71	1000.00
23	36.90	20.87	102.34	10.90	828.99	1000.00
24	0.09	0.18	10.05	1.12	0.00	11.43
daily	1884.84	1144.77	4354.62	572.38	16054.83	24011.43

