Passenger Wait Time [min]
hour	0.00+	2.50+	5.00+	7.50+	10.00+	12.50+	15.00+	17.50+	20.00+	22.50+	25.00+	27.50+	30.00+	32.50+	35.00+	37.50+	40.00+	42.50+	45.00+	47.50+	50.00+	52.50+	55.00+	57.50+	60.00+
0	160	141	111	108	33	41	22	8	3	4	1	0	0	0	0	0	0	0	0	0	0	0	0	0	0
1	208	65	86	46	12	40	4	0	0	0	0	0	0	0	0	0	0	0	0	0	0	0	0	0	0
2	156	41	43	54	19	30	20	9	0	0	0	0	0	0	0	0	0	0	0	0	0	0	0	0	0
3	107	22	56	49	15	17	15	0	0	0	0	0	0	0	0	0	0	0	0	0	0	0	0	0	0
4	120	24	40	38	33	25	5	0	0	0	0	0	0	0	0	0	0	0	0	0	0	0	0	0	0
5	120	21	30	50	57	35	2	0	1	0	0	0	0	0	0	0	0	0	0	0	0	0	0	0	0
6	215	35	51	54	67	43	11	16	31	4	3	2	0	7	0	0	0	0	0	0	0	0	0	0	0
7	589	99	44	53	45	55	20	26	45	20	39	13	8	7	3	1	0	0	0	0	0	0	0	0	0
8	1066	252	90	54	40	90	28	42	24	14	31	45	13	19	9	4	1	0	0	0	0	0	0	0	0
9	1314	364	141	81	39	67	26	35	22	10	16	10	8	5	2	1	1	0	0	0	0	0	0	0	0
10	1332	187	146	87	59	38	17	18	10	4	6	3	2	1	0	0	0	0	0	0	0	0	0	0	0
11	1446	186	137	92	54	62	22	16	4	2	12	3	9	0	0	0	0	0	0	0	0	0	0	0	0
12	1606	250	150	100	34	53	27	14	9	3	12	1	6	0	1	0	0	0	0	0	0	0	0	0	0
13	1577	236	105	113	55	51	20	30	7	4	19	4	5	0	0	0	0	0	0	0	0	0	0	0	0
14	1534	264	121	100	78	67	23	13	9	2	7	0	3	1	0	0	0	0	0	0	0	0	0	0	0
15	1495	334	108	108	43	37	20	15	2	1	7	1	2	0	0	0	0	0	0	0	0	0	0	0	0
16	1560	374	212	190	60	85	26	26	13	10	14	5	6	4	0	0	0	0	0	0	0	0	0	0	0
17	1703	406	191	179	35	47	20	14	5	1	11	1	4	0	0	0	0	0	0	0	0	0	0	0	0
18	1469	340	223	161	39	51	22	7	5	1	4	2	1	0	0	0	0	0	0	0	0	0	0	0	0
19	1084	329	143	127	60	51	14	5	1	0	3	0	1	0	0	0	0	0	0	0	0	0	0	0	0
20	816	192	110	142	93	46	36	15	10	4	9	0	2	2	0	0	0	0	0	0	0	0	0	0	0
21	739	203	51	100	55	40	16	9	0	0	1	0	0	0	0	0	0	0	0	0	0	0	0	0	0
22	493	190	65	61	37	28	30	24	0	0	1	0	1	2	0	0	0	0	0	0	0	0	0	0	0
23	340	121	36	34	25	21	29	10	0	0	0	0	0	0	0	0	0	0	0	0	0	0	0	0	0
24	0	0	0	0	0	0	0	0	0	0	0	0	0	0	0	0	0	0	0	0	0	0	0	0	0
daily	21249	4676	2490	2181	1087	1120	475	352	201	84	196	90	71	48	15	6	2	0	0	0	0	0	0	0	0

Vehicle Empty Drive Ratio
hour	0.00+	0.05+	0.10+	0.15+	0.20+	0.25+	0.30+	0.35+	0.40+	0.45+	0.50+	0.55+	0.60+	0.65+	0.70+	0.75+	0.80+	0.85+	0.90+	0.95+
0	0	8	17	27	32	40	57	59	26	29	14	22	13	3	8	4	3	0	1	1
1	108	4	11	20	36	29	23	23	16	9	12	5	1	3	0	0	0	1	3	8
2	86	3	7	9	13	22	29	18	29	13	10	4	5	1	1	4	0	0	1	7
3	69	0	6	10	9	14	24	19	18	12	5	4	4	4	1	0	1	0	1	14
4	59	0	9	12	16	10	18	11	10	11	10	4	6	3	2	4	3	0	6	6
5	58	3	5	5	13	17	20	21	17	18	9	8	6	3	4	4	2	2	2	7
6	59	2	11	15	19	24	17	18	21	17	16	10	10	9	13	9	13	9	9	48
7	79	21	29	21	35	28	37	23	20	24	13	17	11	14	24	23	15	9	3	89
8	73	29	48	43	56	48	42	44	46	47	22	35	24	22	21	28	23	13	9	90
9	135	27	64	66	66	52	65	52	65	51	52	24	29	18	21	10	12	5	1	13
10	210	33	74	65	46	53	70	37	42	33	33	19	18	2	7	4	3	2	0	6
11	233	42	68	64	57	42	55	52	47	37	20	24	11	15	6	3	2	0	2	10
12	220	53	64	53	67	52	55	53	45	35	19	22	16	11	7	7	4	4	2	8
13	240	30	47	70	55	63	56	43	42	37	26	26	21	7	7	8	4	3	1	10
14	206	36	55	80	70	62	56	64	39	36	31	21	13	10	5	2	3	1	2	5
15	225	37	68	69	68	60	72	50	36	33	16	14	11	1	8	3	1	1	1	6
16	133	39	48	70	65	76	77	86	56	56	52	31	21	19	9	13	9	10	11	14
17	254	33	55	56	77	74	59	61	67	57	38	27	15	15	6	4	2	1	0	0
18	221	37	54	53	46	60	55	50	54	67	46	24	24	12	6	5	2	1	2	0
19	158	29	53	47	58	70	56	77	40	45	38	22	14	6	1	3	1	0	1	0
20	112	20	32	45	59	49	60	52	52	41	34	19	10	9	7	7	2	5	2	11
21	166	19	53	46	48	49	43	32	33	24	17	17	15	8	3	0	0	0	0	1
22	83	14	31	35	36	42	36	47	37	27	15	9	8	5	2	1	0	0	1	4
23	85	12	26	28	28	31	25	33	18	19	9	7	1	1	1	0	1	0	0	0
24	63	3	0	0	0	0	0	0	0	0	0	0	0	0	0	0	0	0	0	0
daily	0	4	7	50	142	280	273	165	31	12	3	0	0	0	0	0	0	0	0	0

Vehicle Wait Ratio
hour	0.00+	0.05+	0.10+	0.15+	0.20+	0.25+	0.30+	0.35+	0.40+	0.45+	0.50+	0.55+	0.60+	0.65+	0.70+	0.75+	0.80+	0.85+	0.90+	0.95+
0	1	5	9	15	26	20	38	34	43	33	49	36	12	4	12	23	2	2	0	636
1	3	4	7	12	12	13	28	24	15	19	37	31	13	18	18	20	12	14	9	691
2	3	2	6	16	14	25	20	24	12	17	19	12	12	15	9	20	14	12	8	740
3	1	0	6	6	9	10	14	14	9	11	25	17	6	16	1	39	11	11	6	788
4	0	4	6	6	13	15	10	13	11	18	11	11	11	11	4	33	6	12	3	802
5	0	2	5	7	14	21	10	15	16	15	27	14	9	10	6	38	5	3	4	779
6	1	3	5	9	11	17	25	23	37	17	56	19	16	16	8	71	1	5	8	652
7	4	6	13	28	43	36	49	48	52	33	52	25	21	16	2	98	0	5	3	466
8	11	18	22	47	58	87	95	92	77	55	79	17	11	16	1	74	0	1	2	237
9	10	17	26	55	53	82	96	88	93	80	77	46	27	18	21	28	3	5	2	173
10	7	10	18	46	61	79	59	66	60	71	64	62	38	18	21	25	9	25	11	250
11	4	10	23	41	61	53	90	73	71	68	71	49	41	18	22	37	22	20	12	214
12	5	12	25	43	51	84	93	85	96	92	75	54	25	23	6	21	5	0	1	204
13	9	25	23	38	55	71	84	76	74	73	98	58	38	18	10	27	6	10	3	204
14	6	21	28	46	69	63	92	90	82	74	77	53	38	16	6	22	6	5	3	203
15	13	19	22	45	51	57	83	78	91	82	68	54	37	28	14	23	6	2	5	222
16	6	24	33	57	85	72	115	107	117	76	99	45	23	13	6	16	1	0	0	105
17	1	19	27	39	64	89	105	96	128	90	83	63	32	26	14	9	4	6	3	102
18	3	7	24	41	56	58	85	83	98	78	95	75	31	28	19	15	9	10	4	181
19	5	8	22	36	43	51	64	76	56	66	83	54	30	30	22	32	21	10	6	285
20	8	14	24	44	49	47	60	53	50	45	50	44	35	18	16	37	21	10	0	375
21	7	5	21	23	27	33	63	52	45	50	44	39	32	29	17	29	28	16	10	430
22	6	6	19	34	29	37	38	31	42	32	30	24	24	19	10	17	15	6	10	571
23	4	5	12	14	25	15	32	23	28	20	21	23	24	28	8	19	9	9	3	678
24	69	0	0	0	0	0	0	0	0	0	0	0	0	0	0	0	0	0	0	0
daily	0	0	0	0	0	0	1	9	42	78	102	100	134	155	107	87	62	49	29	45

Vehicle Wait Ratio Counts
hour	0.00+	0.01+	0.25+	0.50+	0.75+	1.00+
0	0	56	168	113	27	636
1	2	36	99	117	64	682
2	1	40	98	67	57	737
3	0	22	58	65	71	784
4	0	29	67	48	58	798
5	0	28	77	66	56	773
6	0	29	119	115	92	645
7	0	94	218	116	107	465
8	4	152	406	124	77	237
9	4	157	439	189	39	172
10	3	139	335	203	83	237
11	2	137	355	201	95	210
12	1	135	450	183	30	201
13	3	147	378	222	46	204
14	3	167	401	190	36	203
15	3	147	391	201	38	220
16	2	203	487	186	17	105
17	0	150	508	218	27	97
18	2	129	402	248	38	181
19	1	113	313	219	73	281
20	2	137	255	163	74	369
21	4	79	243	161	89	424
22	0	94	180	107	53	566
23	1	59	118	104	49	669
24	69	0	0	0	0	0
daily	0	0	130	598	239	33

