Passenger Wait Time [s]
hour	n	avg	sd		min	2%ile	5%ile	25%ile	50%ile	75%ile	95%ile	98%ile	max
6	8	143.4	99.4		43	43	43	71	129	165	364	364	364
7	20	133.8	63.1		49	49	49	68	143	183	236	237	237
8	39	113.6	75.6		1	1	13	65	94	162	291	297	297
9	40	126.1	92.8		1	1	2	56	116	172	304	477	477
10	41	140.8	88.8		1	1	4	78	130	186	341	383	383
11	28	131.7	60.8		49	49	52	89	112	155	265	268	268
12	8	132.0	52.3		37	37	37	95	143	170	202	202	202
13	17	81.4	51.9		1	1	1	38	79	103	202	202	202
14	25	122.4	67.3		16	16	24	75	110	169	288	306	306
15	36	111.9	86.7		1	1	1	46	100	147	299	343	343
16	48	115.3	74.6		1	1	6	45	100	179	260	287	287
17	39	135.8	110.2		1	1	1	70	101	176	391	411	411
18	24	131.1	93.8		1	1	7	70	99	191	373	402	402
19	15	86.9	77.7		1	1	1	36	63	109	299	299	299
20	0	NaN	NaN		NaN	NaN	NaN	NaN	NaN	NaN	NaN	NaN	NaN
21	0	NaN	NaN		NaN	NaN	NaN	NaN	NaN	NaN	NaN	NaN	NaN
22	0	NaN	NaN		NaN	NaN	NaN	NaN	NaN	NaN	NaN	NaN	NaN
23	0	NaN	NaN		NaN	NaN	NaN	NaN	NaN	NaN	NaN	NaN	NaN
24	0	NaN	NaN		NaN	NaN	NaN	NaN	NaN	NaN	NaN	NaN	NaN
25	0	NaN	NaN		NaN	NaN	NaN	NaN	NaN	NaN	NaN	NaN	NaN
26	0	NaN	NaN		NaN	NaN	NaN	NaN	NaN	NaN	NaN	NaN	NaN
27	0	NaN	NaN		NaN	NaN	NaN	NaN	NaN	NaN	NaN	NaN	NaN
28	0	NaN	NaN		NaN	NaN	NaN	NaN	NaN	NaN	NaN	NaN	NaN
daily	388	122.6	82.7		1	1	1	65	104	166	288	343	477

Vehicle Empty Drive Ratio
hour	fleetAvg	avg	sd		min	2%ile	5%ile	25%ile	50%ile	75%ile	95%ile	98%ile	max
6	0.3829	0.5561	0.3785		0.136	0.136	0.136	0.180	0.559	0.962	1.000	1.000	1.000
7	0.3017	0.3063	0.1946		0.000	0.000	0.000	0.199	0.296	0.347	0.749	0.749	0.749
8	0.2752	0.3254	0.2446		0.000	0.000	0.000	0.214	0.263	0.367	1.000	1.000	1.000
9	0.2766	0.2618	0.1353		0.000	0.000	0.008	0.176	0.263	0.361	0.488	0.489	0.489
10	0.2729	0.2747	0.1132		0.085	0.085	0.085	0.219	0.264	0.330	0.629	0.629	0.629
11	0.3119	0.3540	0.2155		0.162	0.162	0.162	0.223	0.308	0.398	1.000	1.000	1.000
12	0.2260	0.2580	0.2610		0.000	0.000	0.000	0.053	0.176	0.413	0.828	0.828	0.828
13	0.1709	0.1418	0.1110		0.000	0.000	0.000	0.019	0.156	0.223	0.335	0.335	0.335
14	0.2999	0.3279	0.2051		0.115	0.115	0.115	0.236	0.295	0.383	1.000	1.000	1.000
15	0.2503	0.2471	0.1952		0.000	0.000	0.000	0.125	0.187	0.365	0.767	0.792	0.792
16	0.2526	0.2646	0.1232		0.011	0.011	0.030	0.170	0.273	0.343	0.563	0.607	0.607
17	0.2814	0.3053	0.2422		0.000	0.000	0.002	0.138	0.247	0.469	0.984	1.000	1.000
18	0.2618	0.2394	0.1309		0.000	0.000	0.000	0.164	0.223	0.337	0.456	0.456	0.456
19	0.1920	0.1851	0.1379		0.000	0.000	0.000	0.127	0.169	0.268	0.489	0.489	0.489
20	0.2113	0.0977	0.1954		0.000	0.000	0.000	0.000	0.000	0.293	0.391	0.391	0.391
21	NaN	NaN	NaN		NaN	NaN	NaN	NaN	NaN	NaN	NaN	NaN	NaN
22	NaN	NaN	NaN		NaN	NaN	NaN	NaN	NaN	NaN	NaN	NaN	NaN
23	NaN	NaN	NaN		NaN	NaN	NaN	NaN	NaN	NaN	NaN	NaN	NaN
24	NaN	NaN	NaN		NaN	NaN	NaN	NaN	NaN	NaN	NaN	NaN	NaN
25	NaN	NaN	NaN		NaN	NaN	NaN	NaN	NaN	NaN	NaN	NaN	NaN
26	NaN	NaN	NaN		NaN	NaN	NaN	NaN	NaN	NaN	NaN	NaN	NaN
27	NaN	NaN	NaN		NaN	NaN	NaN	NaN	NaN	NaN	NaN	NaN	NaN
28	NaN	NaN	NaN		NaN	NaN	NaN	NaN	NaN	NaN	NaN	NaN	NaN
daily	0.2676	0.2687	0.0406		0.191	0.191	0.201	0.242	0.264	0.289	0.376	0.403	0.403

Vehicle Wait Ratio
hour	fleetAvg	avg	sd		min	2%ile	5%ile	25%ile	50%ile	75%ile	95%ile	98%ile	max
6	0.9546	0.9546	0.0894		0.683	0.683	0.703	0.935	1.000	1.000	1.000	1.000	1.000
7	0.8622	0.8622	0.1183		0.642	0.642	0.648	0.783	0.846	1.000	1.000	1.000	1.000
8	0.7688	0.7688	0.1527		0.489	0.489	0.490	0.653	0.785	0.865	1.000	1.000	1.000
9	0.7015	0.7015	0.1916		0.268	0.268	0.327	0.571	0.688	0.841	1.000	1.000	1.000
10	0.6785	0.6785	0.2223		0.274	0.274	0.312	0.485	0.641	0.911	1.000	1.000	1.000
11	0.8149	0.8149	0.2275		0.258	0.258	0.319	0.593	0.952	1.000	1.000	1.000	1.000
12	0.9291	0.9291	0.1156		0.569	0.569	0.613	0.867	1.000	1.000	1.000	1.000	1.000
13	0.8792	0.8792	0.1447		0.620	0.620	0.631	0.702	1.000	1.000	1.000	1.000	1.000
14	0.8383	0.8383	0.1659		0.448	0.448	0.469	0.711	0.854	1.000	1.000	1.000	1.000
15	0.7587	0.7587	0.1710		0.431	0.431	0.439	0.643	0.788	0.874	1.000	1.000	1.000
16	0.6581	0.6581	0.1997		0.274	0.274	0.281	0.509	0.662	0.827	1.000	1.000	1.000
17	0.7434	0.7434	0.1873		0.423	0.423	0.442	0.585	0.732	0.941	1.000	1.000	1.000
18	0.7837	0.7837	0.2288		0.356	0.356	0.375	0.551	0.808	1.000	1.000	1.000	1.000
19	0.9072	0.9072	0.1576		0.264	0.264	0.412	0.837	1.000	1.000	1.000	1.000	1.000
20	0.9866	0.9866	0.0406		0.823	0.823	0.844	1.000	1.000	1.000	1.000	1.000	1.000
21	1.0000	1.0000	0.0000		1.000	1.000	1.000	1.000	1.000	1.000	1.000	1.000	1.000
22	1.0000	1.0000	0.0000		1.000	1.000	1.000	1.000	1.000	1.000	1.000	1.000	1.000
23	1.0000	1.0000	0.0000		1.000	1.000	1.000	1.000	1.000	1.000	1.000	1.000	1.000
24	1.0000	1.0000	0.0000		1.000	1.000	1.000	1.000	1.000	1.000	1.000	1.000	1.000
25	1.0000	1.0000	0.0000		1.000	1.000	1.000	1.000	1.000	1.000	1.000	1.000	1.000
26	1.0000	1.0000	0.0000		1.000	1.000	1.000	1.000	1.000	1.000	1.000	1.000	1.000
27	1.0000	1.0000	0.0000		1.000	1.000	1.000	1.000	1.000	1.000	1.000	1.000	1.000
28	1.0000	1.0000	0.0000		1.000	1.000	1.000	1.000	1.000	1.000	1.000	1.000	1.000
daily	0.8811	0.8811	0.0468		0.790	0.790	0.795	0.849	0.885	0.910	0.960	0.962	0.962

Total duration of tasks by type [h]
hour	EMPTY_DRIVE	PICKUP	OCCUPIED_DRIVE	DROPOFF	STAY	all
6	0.32	0.26	0.51	0.05	23.87	25.00
7	0.74	0.68	1.71	0.32	21.56	25.00
8	1.12	1.13	2.94	0.59	19.22	25.00
9	1.47	1.42	3.84	0.73	17.54	25.00
10	1.61	1.41	4.29	0.72	16.96	25.00
11	1.02	0.93	2.26	0.42	20.37	25.00
12	0.29	0.30	1.00	0.18	23.23	25.00
13	0.37	0.53	1.81	0.30	21.98	25.00
14	0.85	0.85	1.98	0.36	20.96	25.00
15	1.08	1.13	3.25	0.58	18.97	25.00
16	1.55	1.65	4.58	0.77	16.45	25.00
17	1.30	1.17	3.31	0.63	18.59	25.00
18	1.03	0.97	2.91	0.50	19.59	25.00
19	0.31	0.47	1.30	0.25	22.68	25.00
20	0.05	0.03	0.19	0.07	24.66	25.00
21	0.00	0.00	0.00	0.00	25.00	25.00
22	0.00	0.00	0.00	0.00	25.00	25.00
23	0.00	0.00	0.00	0.00	25.00	25.00
24	0.00	0.00	0.00	0.00	25.00	25.00
25	0.00	0.00	0.00	0.00	25.00	25.00
26	0.00	0.00	0.00	0.00	25.00	25.00
27	0.00	0.00	0.00	0.00	25.00	25.00
28	0.00	0.00	0.00	0.00	25.00	25.00
daily	13.11	12.93	35.87	6.47	506.62	575.00

