Passenger Wait Time [min]
hour	0.00+	2.50+	5.00+	7.50+	10.00+	12.50+	15.00+	17.50+	20.00+	22.50+	25.00+	27.50+	30.00+	32.50+	35.00+	37.50+	40.00+	42.50+	45.00+	47.50+	50.00+	52.50+	55.00+	57.50+	60.00+
6	13	5	1	0	0	0	0	0	0	0	0	0	0	0	0	0	0	0	0	0	0	0	0	0	0
7	32	14	0	1	0	0	0	0	0	0	0	0	0	0	0	0	0	0	0	0	0	0	0	0	0
8	61	14	0	0	0	0	0	0	0	0	0	0	0	0	0	0	0	0	0	0	0	0	0	0	0
9	60	27	3	1	0	0	0	0	0	0	0	0	0	0	0	0	0	0	0	0	0	0	0	0	0
10	50	19	8	2	0	0	0	0	0	0	0	0	0	0	0	0	0	0	0	0	0	0	0	0	0
11	32	16	0	1	0	0	0	0	0	0	0	0	0	0	0	0	0	0	0	0	0	0	0	0	0
12	17	6	0	0	0	0	0	0	0	0	0	0	0	0	0	0	0	0	0	0	0	0	0	0	0
13	30	2	0	0	0	0	0	0	0	0	0	0	0	0	0	0	0	0	0	0	0	0	0	0	0
14	52	4	0	0	0	0	0	0	0	0	0	0	0	0	0	0	0	0	0	0	0	0	0	0	0
15	67	12	1	0	0	0	0	0	0	0	0	0	0	0	0	0	0	0	0	0	0	0	0	0	0
16	62	35	1	1	0	0	0	0	0	0	0	0	0	0	0	0	0	0	0	0	0	0	0	0	0
17	58	16	4	0	0	0	0	0	0	0	0	0	0	0	0	0	0	0	0	0	0	0	0	0	0
18	37	14	3	0	0	0	0	0	0	0	0	0	0	0	0	0	0	0	0	0	0	0	0	0	0
19	17	3	0	0	0	0	0	0	0	0	0	0	0	0	0	0	0	0	0	0	0	0	0	0	0
20	0	0	0	0	0	0	0	0	0	0	0	0	0	0	0	0	0	0	0	0	0	0	0	0	0
21	0	0	0	0	0	0	0	0	0	0	0	0	0	0	0	0	0	0	0	0	0	0	0	0	0
22	0	0	0	0	0	0	0	0	0	0	0	0	0	0	0	0	0	0	0	0	0	0	0	0	0
23	0	0	0	0	0	0	0	0	0	0	0	0	0	0	0	0	0	0	0	0	0	0	0	0	0
24	0	0	0	0	0	0	0	0	0	0	0	0	0	0	0	0	0	0	0	0	0	0	0	0	0
25	0	0	0	0	0	0	0	0	0	0	0	0	0	0	0	0	0	0	0	0	0	0	0	0	0
26	0	0	0	0	0	0	0	0	0	0	0	0	0	0	0	0	0	0	0	0	0	0	0	0	0
27	0	0	0	0	0	0	0	0	0	0	0	0	0	0	0	0	0	0	0	0	0	0	0	0	0
28	0	0	0	0	0	0	0	0	0	0	0	0	0	0	0	0	0	0	0	0	0	0	0	0	0
daily	588	187	21	6	0	0	0	0	0	0	0	0	0	0	0	0	0	0	0	0	0	0	0	0	0

Vehicle Empty Drive Ratio
hour	0.00+	0.05+	0.10+	0.15+	0.20+	0.25+	0.30+	0.35+	0.40+	0.45+	0.50+	0.55+	0.60+	0.65+	0.70+	0.75+	0.80+	0.85+	0.90+	0.95+
6	1	0	1	1	2	3	3	1	1	0	0	0	0	0	0	0	1	0	0	3
7	3	2	4	2	2	3	5	2	3	0	1	0	0	1	2	0	1	0	0	0
8	4	1	7	3	9	7	4	3	1	0	0	0	0	0	0	0	0	0	0	2
9	3	1	2	4	8	7	9	4	2	0	1	0	0	0	0	0	0	0	0	0
10	2	2	1	2	6	4	2	7	3	2	0	0	1	0	0	0	0	0	0	0
11	2	1	1	4	2	4	2	1	2	1	0	0	0	0	0	0	0	0	0	4
12	5	1	2	3	4	1	0	3	3	0	1	0	0	0	0	0	0	0	0	0
13	3	5	3	2	6	2	3	0	0	0	0	0	0	0	0	0	0	0	0	1
14	4	3	7	8	4	5	4	0	0	0	0	1	0	0	0	0	0	0	0	0
15	7	4	5	10	3	3	2	4	0	2	0	0	0	2	0	1	0	0	0	2
16	6	3	3	6	9	8	4	3	2	1	0	0	1	0	0	0	0	0	0	1
17	3	3	7	4	3	3	4	3	5	0	0	1	0	1	0	0	0	0	0	1
18	8	0	6	1	3	3	8	4	1	1	0	0	0	0	0	0	0	0	0	0
19	5	3	3	0	2	2	1	0	0	1	0	0	0	0	0	0	0	0	0	0
20	4	0	0	0	0	0	0	1	0	0	0	0	0	0	0	0	0	0	0	0
21	0	0	0	0	0	0	0	0	0	0	0	0	0	0	0	0	0	0	0	0
22	0	0	0	0	0	0	0	0	0	0	0	0	0	0	0	0	0	0	0	0
23	0	0	0	0	0	0	0	0	0	0	0	0	0	0	0	0	0	0	0	0
24	0	0	0	0	0	0	0	0	0	0	0	0	0	0	0	0	0	0	0	0
25	0	0	0	0	0	0	0	0	0	0	0	0	0	0	0	0	0	0	0	0
26	0	0	0	0	0	0	0	0	0	0	0	0	0	0	0	0	0	0	0	0
27	0	0	0	0	0	0	0	0	0	0	0	0	0	0	0	0	0	0	0	0
28	0	0	0	0	0	0	0	0	0	0	0	0	0	0	0	0	0	0	0	0
daily	0	0	2	4	23	14	5	2	0	0	0	0	0	0	0	0	0	0	0	0

Vehicle Wait Ratio
hour	0.00+	0.05+	0.10+	0.15+	0.20+	0.25+	0.30+	0.35+	0.40+	0.45+	0.50+	0.55+	0.60+	0.65+	0.70+	0.75+	0.80+	0.85+	0.90+	0.95+
6	0	0	0	0	0	0	0	0	0	0	0	0	1	1	0	3	4	4	4	33
7	0	0	0	0	0	0	0	0	0	1	2	1	1	5	2	4	6	6	3	19
8	0	0	0	0	0	0	2	1	0	4	2	2	3	6	2	4	7	5	1	11
9	0	0	0	0	1	2	2	1	4	3	2	1	6	2	6	7	1	1	0	11
10	0	0	0	0	2	2	2	3	2	4	2	4	2	3	2	1	3	0	0	18
11	0	0	0	0	1	0	2	0	3	1	2	1	0	1	1	5	1	0	3	29
12	0	0	0	0	0	0	0	0	0	0	0	2	1	0	4	5	5	4	2	27
13	0	0	0	0	0	0	0	0	0	0	0	1	0	7	1	2	6	4	3	26
14	0	0	0	0	0	0	0	0	0	1	2	1	2	6	6	2	9	4	3	14
15	0	0	0	0	0	0	0	1	1	4	2	1	2	4	6	7	8	7	2	5
16	0	0	0	0	0	3	2	2	2	3	7	0	2	8	4	4	2	5	2	4
17	0	0	0	0	0	0	2	1	1	0	9	2	4	3	1	6	6	1	2	12
18	0	0	0	0	0	0	2	0	1	3	1	3	1	6	1	7	3	6	0	16
19	0	0	0	1	0	0	0	0	0	0	0	0	0	1	2	0	5	5	3	33
20	0	0	0	0	0	0	0	0	0	0	0	0	0	0	0	0	1	1	1	47
21	0	0	0	0	0	0	0	0	0	0	0	0	0	0	0	0	0	0	0	50
22	0	0	0	0	0	0	0	0	0	0	0	0	0	0	0	0	0	0	0	50
23	0	0	0	0	0	0	0	0	0	0	0	0	0	0	0	0	0	0	0	50
24	0	0	0	0	0	0	0	0	0	0	0	0	0	0	0	0	0	0	0	50
25	0	0	0	0	0	0	0	0	0	0	0	0	0	0	0	0	0	0	0	50
26	0	0	0	0	0	0	0	0	0	0	0	0	0	0	0	0	0	0	0	50
27	0	0	0	0	0	0	0	0	0	0	0	0	0	0	0	0	0	0	0	50
28	0	0	0	0	0	0	0	0	0	0	0	0	0	0	0	0	0	0	0	50
daily	0	0	0	0	0	0	0	0	0	0	0	0	0	0	0	1	6	27	16	0

Vehicle Wait Ratio Counts
hour	0.00+	0.01+	0.25+	0.50+	0.75+	1.00+
6	0	0	0	2	15	33
7	0	0	1	11	20	18
8	0	0	7	15	19	9
9	0	1	12	17	11	9
10	0	2	13	13	4	18
11	0	1	6	5	12	26
12	0	0	0	7	16	27
13	0	0	0	9	16	25
14	0	0	1	17	18	14
15	0	0	6	15	24	5
16	0	0	12	21	14	3
17	0	0	4	19	15	12
18	0	0	6	12	17	15
19	0	1	0	3	13	33
20	0	0	0	0	6	44
21	0	0	0	0	0	50
22	0	0	0	0	0	50
23	0	0	0	0	0	50
24	0	0	0	0	0	50
25	0	0	0	0	0	50
26	0	0	0	0	0	50
27	0	0	0	0	0	50
28	0	0	0	0	0	50
daily	0	0	0	0	50	0

