Passenger Wait Time [s]
hour	n	avg	sd		min	2%ile	5%ile	25%ile	50%ile	75%ile	95%ile	98%ile	max
6	37	117.2	74.1		4	4	7	69	122	153	268	371	371
7	102	207.2	116.8		24	32	48	122	185	271	441	537	580
8	147	577.0	1170.0		2	38	76	174	284	513	2448	4163	11689
9	189	1522.7	2202.1		8	86	117	242	483	1728	7230	8959	9841
10	157	1388.8	1677.4		45	81	112	251	677	1932	5571	6022	7253
11	114	726.7	840.9		35	56	91	204	329	964	2767	3449	4085
12	60	296.1	349.8		2	4	23	93	162	299	1288	1471	1517
13	52	125.3	70.3		8	8	13	80	116	172	256	299	299
14	110	231.2	154.0		2	3	32	108	209	304	590	695	827
15	163	955.5	2445.8		14	59	85	191	309	583	3902	12559	16669
16	208	2216.2	3217.8		6	20	83	281	674	2347	10226	11544	13323
17	141	1254.4	2048.1		40	66	95	208	366	1093	6968	8494	9055
18	111	727.9	1195.8		60	74	89	175	291	539	4008	5278	5907
19	49	350.0	240.7		68	68	85	170	307	427	886	1087	1087
20	0	NaN	NaN		NaN	NaN	NaN	NaN	NaN	NaN	NaN	NaN	NaN
21	0	NaN	NaN		NaN	NaN	NaN	NaN	NaN	NaN	NaN	NaN	NaN
22	0	NaN	NaN		NaN	NaN	NaN	NaN	NaN	NaN	NaN	NaN	NaN
23	0	NaN	NaN		NaN	NaN	NaN	NaN	NaN	NaN	NaN	NaN	NaN
24	0	NaN	NaN		NaN	NaN	NaN	NaN	NaN	NaN	NaN	NaN	NaN
25	0	NaN	NaN		NaN	NaN	NaN	NaN	NaN	NaN	NaN	NaN	NaN
26	0	NaN	NaN		NaN	NaN	NaN	NaN	NaN	NaN	NaN	NaN	NaN
27	0	NaN	NaN		NaN	NaN	NaN	NaN	NaN	NaN	NaN	NaN	NaN
28	0	NaN	NaN		NaN	NaN	NaN	NaN	NaN	NaN	NaN	NaN	NaN
daily	1640	1000.1	1942.6		2	38	69	170	303	761	5088	8434	16669

Vehicle Empty Drive Ratio
hour	fleetAvg	avg	sd		min	2%ile	5%ile	25%ile	50%ile	75%ile	95%ile	98%ile	max
6	0.2545	0.3107	0.2389		0.102	0.102	0.103	0.206	0.238	0.300	0.996	1.000	1.000
7	0.3889	0.3933	0.1019		0.181	0.181	0.211	0.326	0.374	0.449	0.619	0.630	0.630
8	0.3399	0.3395	0.0754		0.173	0.173	0.177	0.300	0.354	0.376	0.489	0.506	0.506
9	0.2536	0.2544	0.0786		0.062	0.062	0.083	0.208	0.273	0.317	0.362	0.362	0.362
10	0.1913	0.1921	0.0647		0.079	0.079	0.082	0.140	0.198	0.235	0.318	0.328	0.328
11	0.2880	0.2878	0.0820		0.147	0.147	0.160	0.214	0.284	0.341	0.450	0.458	0.458
12	0.3498	0.3477	0.0914		0.136	0.136	0.156	0.287	0.350	0.409	0.487	0.490	0.490
13	0.2574	0.2633	0.1260		0.000	0.000	0.018	0.183	0.254	0.311	0.579	0.615	0.615
14	0.3644	0.3685	0.0787		0.222	0.222	0.223	0.295	0.382	0.436	0.485	0.486	0.486
15	0.3518	0.3517	0.0719		0.174	0.174	0.198	0.290	0.358	0.418	0.448	0.453	0.453
16	0.1872	0.1874	0.0591		0.074	0.074	0.076	0.153	0.180	0.238	0.285	0.290	0.290
17	0.2363	0.2369	0.0700		0.114	0.114	0.120	0.192	0.234	0.269	0.378	0.381	0.381
18	0.3344	0.3354	0.0829		0.177	0.177	0.187	0.263	0.334	0.393	0.493	0.500	0.500
19	0.4274	0.4278	0.0623		0.254	0.254	0.276	0.381	0.442	0.476	0.508	0.510	0.510
20	0.1361	0.0366	0.1321		0.000	0.000	0.000	0.000	0.000	0.000	0.476	0.476	0.476
21	NaN	NaN	NaN		NaN	NaN	NaN	NaN	NaN	NaN	NaN	NaN	NaN
22	NaN	NaN	NaN		NaN	NaN	NaN	NaN	NaN	NaN	NaN	NaN	NaN
23	NaN	NaN	NaN		NaN	NaN	NaN	NaN	NaN	NaN	NaN	NaN	NaN
24	NaN	NaN	NaN		NaN	NaN	NaN	NaN	NaN	NaN	NaN	NaN	NaN
25	NaN	NaN	NaN		NaN	NaN	NaN	NaN	NaN	NaN	NaN	NaN	NaN
26	NaN	NaN	NaN		NaN	NaN	NaN	NaN	NaN	NaN	NaN	NaN	NaN
27	NaN	NaN	NaN		NaN	NaN	NaN	NaN	NaN	NaN	NaN	NaN	NaN
28	NaN	NaN	NaN		NaN	NaN	NaN	NaN	NaN	NaN	NaN	NaN	NaN
daily	0.3049	0.3051	0.0214		0.262	0.262	0.266	0.289	0.302	0.319	0.347	0.349	0.349

Vehicle Wait Ratio
hour	fleetAvg	avg	sd		min	2%ile	5%ile	25%ile	50%ile	75%ile	95%ile	98%ile	max
6	0.7534	0.7534	0.1572		0.467	0.467	0.482	0.638	0.720	0.893	1.000	1.000	1.000
7	0.2678	0.2678	0.1183		0.081	0.081	0.083	0.190	0.240	0.363	0.488	0.501	0.501
8	0.0276	0.0276	0.0313		0.000	0.000	0.000	0.000	0.019	0.043	0.102	0.106	0.106
9	0.0000	0.0000	0.0000		0.000	0.000	0.000	0.000	0.000	0.000	0.000	0.000	0.000
10	0.0000	0.0000	0.0000		0.000	0.000	0.000	0.000	0.000	0.000	0.000	0.000	0.000
11	0.0000	0.0000	0.0000		0.000	0.000	0.000	0.000	0.000	0.000	0.000	0.000	0.000
12	0.1693	0.1693	0.1019		0.007	0.007	0.011	0.082	0.158	0.243	0.369	0.382	0.382
13	0.6374	0.6374	0.2112		0.228	0.228	0.242	0.506	0.670	0.838	0.964	1.000	1.000
14	0.2273	0.2273	0.1166		0.046	0.046	0.046	0.146	0.196	0.311	0.484	0.528	0.528
15	0.0003	0.0003	0.0015		0.000	0.000	0.000	0.000	0.000	0.000	0.005	0.008	0.008
16	0.0000	0.0000	0.0000		0.000	0.000	0.000	0.000	0.000	0.000	0.000	0.000	0.000
17	0.0000	0.0000	0.0000		0.000	0.000	0.000	0.000	0.000	0.000	0.000	0.000	0.000
18	0.0000	0.0000	0.0000		0.000	0.000	0.000	0.000	0.000	0.000	0.000	0.000	0.000
19	0.0193	0.0193	0.0299		0.000	0.000	0.000	0.000	0.003	0.026	0.088	0.090	0.090
20	0.9514	0.9514	0.0700		0.691	0.691	0.747	0.928	0.975	1.000	1.000	1.000	1.000
21	1.0000	1.0000	0.0000		1.000	1.000	1.000	1.000	1.000	1.000	1.000	1.000	1.000
22	1.0000	1.0000	0.0000		1.000	1.000	1.000	1.000	1.000	1.000	1.000	1.000	1.000
23	1.0000	1.0000	0.0000		1.000	1.000	1.000	1.000	1.000	1.000	1.000	1.000	1.000
24	1.0000	1.0000	0.0000		1.000	1.000	1.000	1.000	1.000	1.000	1.000	1.000	1.000
25	1.0000	1.0000	0.0000		1.000	1.000	1.000	1.000	1.000	1.000	1.000	1.000	1.000
26	1.0000	1.0000	0.0000		1.000	1.000	1.000	1.000	1.000	1.000	1.000	1.000	1.000
27	1.0000	1.0000	0.0000		1.000	1.000	1.000	1.000	1.000	1.000	1.000	1.000	1.000
28	1.0000	1.0000	0.0000		1.000	1.000	1.000	1.000	1.000	1.000	1.000	1.000	1.000
daily	0.4806	0.4806	0.0162		0.446	0.446	0.451	0.468	0.480	0.491	0.509	0.510	0.510

Total duration of tasks by type [h]
hour	EMPTY_DRIVE	PICKUP	OCCUPIED_DRIVE	DROPOFF	STAY	all
6	1.14	1.19	3.34	0.50	18.83	25.00
7	5.28	3.22	8.29	1.52	6.70	25.00
8	6.16	4.18	11.96	2.01	0.69	25.00
9	4.37	5.23	12.86	2.54	0.00	25.00
10	3.37	4.90	14.23	2.50	0.00	25.00
11	5.14	4.76	12.70	2.41	0.00	25.00
12	5.47	3.34	10.18	1.78	4.23	25.00
13	1.65	1.69	4.76	0.96	15.93	25.00
14	5.23	3.47	9.13	1.49	5.68	25.00
15	6.38	4.63	11.75	2.24	0.01	25.00
16	3.21	5.17	13.95	2.66	0.00	25.00
17	4.13	5.00	13.36	2.51	0.00	25.00
18	6.15	4.39	12.24	2.23	0.00	25.00
19	8.26	3.42	11.07	1.76	0.48	25.00
20	0.12	0.09	0.78	0.22	23.79	25.00
21	0.00	0.00	0.00	0.00	25.00	25.00
22	0.00	0.00	0.00	0.00	25.00	25.00
23	0.00	0.00	0.00	0.00	25.00	25.00
24	0.00	0.00	0.00	0.00	25.00	25.00
25	0.00	0.00	0.00	0.00	25.00	25.00
26	0.00	0.00	0.00	0.00	25.00	25.00
27	0.00	0.00	0.00	0.00	25.00	25.00
28	0.00	0.00	0.00	0.00	25.00	25.00
daily	66.06	54.67	150.59	27.33	276.35	575.00

