Passenger Wait Time [min]
hour	0.00+	2.50+	5.00+	7.50+	10.00+	12.50+	15.00+	17.50+	20.00+	22.50+	25.00+	27.50+	30.00+	32.50+	35.00+	37.50+	40.00+	42.50+	45.00+	47.50+	50.00+	52.50+	55.00+	57.50+	60.00+
6	27	9	1	0	0	0	0	0	0	0	0	0	0	0	0	0	0	0	0	0	0	0	0	0	0
7	35	45	19	3	0	0	0	0	0	0	0	0	0	0	0	0	0	0	0	0	0	0	0	0	0
8	26	51	29	14	7	4	2	1	1	1	1	1	0	1	1	0	0	1	0	1	0	1	1	0	3
9	22	42	25	15	9	7	4	6	4	2	5	3	3	1	1	1	3	3	3	0	1	1	2	0	26
10	18	28	20	10	7	5	10	5	4	4	3	1	4	2	5	1	2	3	0	0	0	0	2	3	20
11	14	29	18	13	8	3	4	2	5	0	2	4	2	2	0	0	1	2	1	0	0	1	1	1	1
12	26	14	9	3	2	1	1	2	0	1	1	0	0	0	0	0	0	0	0	0	0	0	0	0	0
13	36	16	0	0	0	0	0	0	0	0	0	0	0	0	0	0	0	0	0	0	0	0	0	0	0
14	34	50	18	4	3	1	0	0	0	0	0	0	0	0	0	0	0	0	0	0	0	0	0	0	0
15	19	52	26	22	8	8	5	6	1	1	1	2	1	1	2	1	0	0	0	0	0	0	0	1	6
16	25	39	17	10	15	12	7	4	2	5	4	2	4	3	2	2	1	1	2	1	1	0	1	4	44
17	13	49	17	7	9	3	2	2	9	2	0	2	1	1	3	0	2	0	0	1	2	1	0	0	15
18	17	41	19	9	4	4	1	2	1	0	0	0	1	0	0	2	0	0	2	0	0	0	0	2	6
19	9	27	6	5	0	0	1	0	0	0	0	0	0	1	0	0	0	0	0	0	0	0	0	0	0
20	0	0	0	0	0	0	0	0	0	0	0	0	0	0	0	0	0	0	0	0	0	0	0	0	0
21	0	0	0	0	0	0	0	0	0	0	0	0	0	0	0	0	0	0	0	0	0	0	0	0	0
22	0	0	0	0	0	0	0	0	0	0	0	0	0	0	0	0	0	0	0	0	0	0	0	0	0
23	0	0	0	0	0	0	0	0	0	0	0	0	0	0	0	0	0	0	0	0	0	0	0	0	0
24	0	0	0	0	0	0	0	0	0	0	0	0	0	0	0	0	0	0	0	0	0	0	0	0	0
25	0	0	0	0	0	0	0	0	0	0	0	0	0	0	0	0	0	0	0	0	0	0	0	0	0
26	0	0	0	0	0	0	0	0	0	0	0	0	0	0	0	0	0	0	0	0	0	0	0	0	0
27	0	0	0	0	0	0	0	0	0	0	0	0	0	0	0	0	0	0	0	0	0	0	0	0	0
28	0	0	0	0	0	0	0	0	0	0	0	0	0	0	0	0	0	0	0	0	0	0	0	0	0
daily	321	492	224	115	72	48	37	30	27	16	17	15	16	12	14	7	9	10	8	3	4	4	7	11	121

Vehicle Empty Drive Ratio
hour	0.00+	0.05+	0.10+	0.15+	0.20+	0.25+	0.30+	0.35+	0.40+	0.45+	0.50+	0.55+	0.60+	0.65+	0.70+	0.75+	0.80+	0.85+	0.90+	0.95+
6	0	0	3	1	7	5	2	0	0	0	1	0	0	0	0	0	0	0	0	2
7	0	0	0	1	0	1	7	8	2	3	0	2	1	0	0	0	0	0	0	0
8	0	0	0	2	2	2	4	11	2	1	1	0	0	0	0	0	0	0	0	0
9	0	1	2	3	6	3	8	2	0	0	0	0	0	0	0	0	0	0	0	0
10	0	2	6	3	10	4	0	0	0	0	0	0	0	0	0	0	0	0	0	0
11	0	0	0	2	8	5	6	2	2	0	0	0	0	0	0	0	0	0	0	0
12	0	0	1	0	2	7	4	4	3	4	0	0	0	0	0	0	0	0	0	0
13	1	1	3	3	2	4	7	0	1	1	1	0	0	0	0	0	0	0	0	0
14	0	0	0	0	0	3	7	8	3	2	2	0	0	0	0	0	0	0	0	0
15	0	0	0	0	3	2	6	7	7	0	0	0	0	0	0	0	0	0	0	0
16	0	1	4	9	7	4	0	0	0	0	0	0	0	0	0	0	0	0	0	0
17	0	0	0	7	6	9	2	1	0	0	0	0	0	0	0	0	0	0	0	0
18	0	0	0	1	4	6	2	7	3	2	0	0	0	0	0	0	0	0	0	0
19	0	0	0	0	0	0	3	5	8	7	1	1	0	0	0	0	0	0	0	0
20	14	0	0	0	0	0	0	0	1	0	0	0	0	0	0	0	0	0	0	0
21	0	0	0	0	0	0	0	0	0	0	0	0	0	0	0	0	0	0	0	0
22	0	0	0	0	0	0	0	0	0	0	0	0	0	0	0	0	0	0	0	0
23	0	0	0	0	0	0	0	0	0	0	0	0	0	0	0	0	0	0	0	0
24	0	0	0	0	0	0	0	0	0	0	0	0	0	0	0	0	0	0	0	0
25	0	0	0	0	0	0	0	0	0	0	0	0	0	0	0	0	0	0	0	0
26	0	0	0	0	0	0	0	0	0	0	0	0	0	0	0	0	0	0	0	0
27	0	0	0	0	0	0	0	0	0	0	0	0	0	0	0	0	0	0	0	0
28	0	0	0	0	0	0	0	0	0	0	0	0	0	0	0	0	0	0	0	0
daily	0	0	0	0	0	13	11	1	0	0	0	0	0	0	0	0	0	0	0	0

Vehicle Wait Ratio
hour	0.00+	0.05+	0.10+	0.15+	0.20+	0.25+	0.30+	0.35+	0.40+	0.45+	0.50+	0.55+	0.60+	0.65+	0.70+	0.75+	0.80+	0.85+	0.90+	0.95+
6	0	0	0	0	0	0	0	0	0	1	1	2	3	3	4	2	2	1	2	4
7	0	2	2	3	6	3	2	3	1	2	1	0	0	0	0	0	0	0	0	0
8	20	4	1	0	0	0	0	0	0	0	0	0	0	0	0	0	0	0	0	0
9	25	0	0	0	0	0	0	0	0	0	0	0	0	0	0	0	0	0	0	0
10	25	0	0	0	0	0	0	0	0	0	0	0	0	0	0	0	0	0	0	0
11	25	0	0	0	0	0	0	0	0	0	0	0	0	0	0	0	0	0	0	0
12	0	4	8	3	4	3	1	2	0	0	0	0	0	0	0	0	0	0	0	0
13	0	0	0	0	1	2	0	0	2	1	2	2	2	3	2	1	2	4	0	1
14	2	1	7	5	1	0	4	4	0	0	1	0	0	0	0	0	0	0	0	0
15	25	0	0	0	0	0	0	0	0	0	0	0	0	0	0	0	0	0	0	0
16	25	0	0	0	0	0	0	0	0	0	0	0	0	0	0	0	0	0	0	0
17	25	0	0	0	0	0	0	0	0	0	0	0	0	0	0	0	0	0	0	0
18	25	0	0	0	0	0	0	0	0	0	0	0	0	0	0	0	0	0	0	0
19	20	4	1	0	0	0	0	0	0	0	0	0	0	0	0	0	0	0	0	0
20	0	0	0	0	0	0	0	0	0	0	0	0	0	0	0	1	0	4	5	15
21	0	0	0	0	0	0	0	0	0	0	0	0	0	0	0	0	0	0	0	25
22	0	0	0	0	0	0	0	0	0	0	0	0	0	0	0	0	0	0	0	25
23	0	0	0	0	0	0	0	0	0	0	0	0	0	0	0	0	0	0	0	25
24	0	0	0	0	0	0	0	0	0	0	0	0	0	0	0	0	0	0	0	25
25	0	0	0	0	0	0	0	0	0	0	0	0	0	0	0	0	0	0	0	25
26	0	0	0	0	0	0	0	0	0	0	0	0	0	0	0	0	0	0	0	25
27	0	0	0	0	0	0	0	0	0	0	0	0	0	0	0	0	0	0	0	25
28	0	0	0	0	0	0	0	0	0	0	0	0	0	0	0	0	0	0	0	25
daily	0	0	0	0	0	0	0	0	0	22	3	0	0	0	0	0	0	0	0	0

Vehicle Wait Ratio Counts
hour	0.00+	0.01+	0.25+	0.50+	0.75+	1.00+
6	0	0	1	13	7	4
7	0	13	11	1	0	0
8	10	15	0	0	0	0
9	25	0	0	0	0	0
10	25	0	0	0	0	0
11	25	0	0	0	0	0
12	0	19	6	0	0	0
13	0	1	5	11	7	1
14	0	16	8	1	0	0
15	25	0	0	0	0	0
16	25	0	0	0	0	0
17	25	0	0	0	0	0
18	25	0	0	0	0	0
19	13	12	0	0	0	0
20	0	0	0	0	15	10
21	0	0	0	0	0	25
22	0	0	0	0	0	25
23	0	0	0	0	0	25
24	0	0	0	0	0	25
25	0	0	0	0	0	25
26	0	0	0	0	0	25
27	0	0	0	0	0	25
28	0	0	0	0	0	25
daily	0	0	22	3	0	0

