Passenger Wait Time [s]
hour	n	avg	sd		min	2%ile	5%ile	25%ile	50%ile	75%ile	95%ile	98%ile	max
6	37	117.2	74.1		4	4	7	69	122	153	268	371	371
7	102	207.2	116.8		24	32	48	122	185	271	441	537	580
8	147	582.3	1221.1		2	38	76	174	284	513	2448	4163	12464
9	189	1513.2	2172.6		8	86	117	242	483	1728	7259	8618	9761
10	157	1379.7	1638.9		45	70	96	263	634	1908	5196	5837	7783
11	114	734.5	818.1		63	77	92	208	418	919	2650	3512	3966
12	60	307.2	340.0		2	4	11	95	182	430	1140	1489	1513
13	52	122.0	68.5		8	8	13	70	115	157	256	299	299
14	110	229.5	144.8		3	13	54	124	209	284	519	724	826
15	163	865.3	2066.3		14	51	100	210	356	678	2355	11719	16470
16	208	2340.7	3331.7		27	45	84	242	714	2808	10625	11727	13238
17	141	1310.5	2120.4		21	87	112	204	349	1301	7187	8497	9138
18	111	736.4	1193.3		79	85	102	193	286	568	4199	5069	5812
19	49	298.6	302.8		42	42	84	160	240	346	803	2030	2030
20	0	NaN	NaN		NaN	NaN	NaN	NaN	NaN	NaN	NaN	NaN	NaN
21	0	NaN	NaN		NaN	NaN	NaN	NaN	NaN	NaN	NaN	NaN	NaN
22	0	NaN	NaN		NaN	NaN	NaN	NaN	NaN	NaN	NaN	NaN	NaN
23	0	NaN	NaN		NaN	NaN	NaN	NaN	NaN	NaN	NaN	NaN	NaN
24	0	NaN	NaN		NaN	NaN	NaN	NaN	NaN	NaN	NaN	NaN	NaN
25	0	NaN	NaN		NaN	NaN	NaN	NaN	NaN	NaN	NaN	NaN	NaN
26	0	NaN	NaN		NaN	NaN	NaN	NaN	NaN	NaN	NaN	NaN	NaN
27	0	NaN	NaN		NaN	NaN	NaN	NaN	NaN	NaN	NaN	NaN	NaN
28	0	NaN	NaN		NaN	NaN	NaN	NaN	NaN	NaN	NaN	NaN	NaN
daily	1640	1010.0	1936.4		2	42	72	171	305	770	5102	8406	16470

Vehicle Empty Drive Ratio
hour	fleetAvg	avg	sd		min	2%ile	5%ile	25%ile	50%ile	75%ile	95%ile	98%ile	max
6	0.2545	0.3107	0.2389		0.102	0.102	0.103	0.206	0.238	0.300	0.996	1.000	1.000
7	0.3889	0.3933	0.1019		0.181	0.181	0.211	0.326	0.374	0.449	0.619	0.630	0.630
8	0.3399	0.3395	0.0754		0.173	0.173	0.177	0.300	0.354	0.376	0.489	0.506	0.506
9	0.2536	0.2544	0.0786		0.062	0.062	0.083	0.208	0.273	0.317	0.362	0.362	0.362
10	0.1942	0.1948	0.0607		0.079	0.079	0.082	0.143	0.214	0.236	0.287	0.295	0.295
11	0.2823	0.2814	0.0705		0.178	0.178	0.182	0.217	0.281	0.324	0.425	0.435	0.435
12	0.3374	0.3352	0.0923		0.116	0.116	0.148	0.263	0.344	0.410	0.489	0.496	0.496
13	0.2512	0.2539	0.1247		0.000	0.000	0.016	0.162	0.267	0.320	0.515	0.529	0.529
14	0.3717	0.3739	0.0673		0.268	0.268	0.273	0.332	0.357	0.412	0.523	0.532	0.532
15	0.3502	0.3495	0.0639		0.216	0.216	0.221	0.303	0.357	0.403	0.432	0.433	0.433
16	0.1904	0.1909	0.0553		0.084	0.084	0.089	0.160	0.191	0.242	0.283	0.289	0.289
17	0.2461	0.2461	0.0543		0.165	0.165	0.169	0.194	0.247	0.287	0.353	0.357	0.357
18	0.3313	0.3334	0.0826		0.176	0.176	0.192	0.260	0.330	0.398	0.475	0.483	0.483
19	0.4237	0.4231	0.0643		0.302	0.302	0.308	0.380	0.426	0.462	0.569	0.580	0.580
20	0.0849	0.0273	0.1059		0.000	0.000	0.000	0.000	0.000	0.000	0.410	0.410	0.410
21	NaN	NaN	NaN		NaN	NaN	NaN	NaN	NaN	NaN	NaN	NaN	NaN
22	NaN	NaN	NaN		NaN	NaN	NaN	NaN	NaN	NaN	NaN	NaN	NaN
23	NaN	NaN	NaN		NaN	NaN	NaN	NaN	NaN	NaN	NaN	NaN	NaN
24	NaN	NaN	NaN		NaN	NaN	NaN	NaN	NaN	NaN	NaN	NaN	NaN
25	NaN	NaN	NaN		NaN	NaN	NaN	NaN	NaN	NaN	NaN	NaN	NaN
26	NaN	NaN	NaN		NaN	NaN	NaN	NaN	NaN	NaN	NaN	NaN	NaN
27	NaN	NaN	NaN		NaN	NaN	NaN	NaN	NaN	NaN	NaN	NaN	NaN
28	NaN	NaN	NaN		NaN	NaN	NaN	NaN	NaN	NaN	NaN	NaN	NaN
daily	0.3040	0.3041	0.0217		0.263	0.263	0.263	0.291	0.300	0.313	0.351	0.352	0.352

Vehicle Wait Ratio
hour	fleetAvg	avg	sd		min	2%ile	5%ile	25%ile	50%ile	75%ile	95%ile	98%ile	max
6	0.7534	0.7534	0.1572		0.467	0.467	0.482	0.638	0.720	0.893	1.000	1.000	1.000
7	0.2678	0.2678	0.1183		0.081	0.081	0.083	0.190	0.240	0.363	0.488	0.501	0.501
8	0.0276	0.0276	0.0313		0.000	0.000	0.000	0.000	0.019	0.043	0.102	0.106	0.106
9	0.0000	0.0000	0.0000		0.000	0.000	0.000	0.000	0.000	0.000	0.000	0.000	0.000
10	0.0000	0.0000	0.0000		0.000	0.000	0.000	0.000	0.000	0.000	0.000	0.000	0.000
11	0.0000	0.0000	0.0000		0.000	0.000	0.000	0.000	0.000	0.000	0.000	0.000	0.000
12	0.1838	0.1838	0.0927		0.070	0.070	0.071	0.111	0.169	0.248	0.388	0.399	0.399
13	0.6391	0.6391	0.2102		0.205	0.205	0.226	0.499	0.657	0.840	0.964	1.000	1.000
14	0.2183	0.2183	0.1260		0.040	0.040	0.042	0.118	0.196	0.330	0.484	0.528	0.528
15	0.0003	0.0003	0.0013		0.000	0.000	0.000	0.000	0.000	0.000	0.004	0.006	0.006
16	0.0000	0.0000	0.0000		0.000	0.000	0.000	0.000	0.000	0.000	0.000	0.000	0.000
17	0.0000	0.0000	0.0000		0.000	0.000	0.000	0.000	0.000	0.000	0.000	0.000	0.000
18	0.0000	0.0000	0.0000		0.000	0.000	0.000	0.000	0.000	0.000	0.000	0.000	0.000
19	0.0256	0.0256	0.0339		0.000	0.000	0.000	0.000	0.007	0.042	0.106	0.115	0.115
20	0.9493	0.9493	0.0598		0.760	0.760	0.793	0.925	0.953	1.000	1.000	1.000	1.000
21	1.0000	1.0000	0.0000		1.000	1.000	1.000	1.000	1.000	1.000	1.000	1.000	1.000
22	1.0000	1.0000	0.0000		1.000	1.000	1.000	1.000	1.000	1.000	1.000	1.000	1.000
23	1.0000	1.0000	0.0000		1.000	1.000	1.000	1.000	1.000	1.000	1.000	1.000	1.000
24	1.0000	1.0000	0.0000		1.000	1.000	1.000	1.000	1.000	1.000	1.000	1.000	1.000
25	1.0000	1.0000	0.0000		1.000	1.000	1.000	1.000	1.000	1.000	1.000	1.000	1.000
26	1.0000	1.0000	0.0000		1.000	1.000	1.000	1.000	1.000	1.000	1.000	1.000	1.000
27	1.0000	1.0000	0.0000		1.000	1.000	1.000	1.000	1.000	1.000	1.000	1.000	1.000
28	1.0000	1.0000	0.0000		1.000	1.000	1.000	1.000	1.000	1.000	1.000	1.000	1.000
daily	0.4811	0.4811	0.0173		0.451	0.451	0.451	0.469	0.483	0.495	0.512	0.515	0.515

Total duration of tasks by type [h]
hour	EMPTY_DRIVE	PICKUP	OCCUPIED_DRIVE	DROPOFF	STAY	all
6	1.14	1.19	3.34	0.50	18.83	25.00
7	5.28	3.22	8.29	1.52	6.70	25.00
8	6.16	4.18	11.96	2.01	0.69	25.00
9	4.37	5.23	12.86	2.54	0.00	25.00
10	3.42	4.89	14.20	2.49	0.00	25.00
11	5.00	4.86	12.72	2.41	0.00	25.00
12	5.18	3.26	10.18	1.78	4.59	25.00
13	1.60	1.67	4.78	0.97	15.98	25.00
14	5.41	3.49	9.14	1.51	5.46	25.00
15	6.37	4.56	11.82	2.25	0.01	25.00
16	3.25	5.29	13.82	2.64	0.00	25.00
17	4.37	4.86	13.37	2.40	0.00	25.00
18	6.08	4.40	12.28	2.24	0.00	25.00
19	8.08	3.47	10.99	1.82	0.64	25.00
20	0.08	0.10	0.84	0.25	23.73	25.00
21	0.00	0.00	0.00	0.00	25.00	25.00
22	0.00	0.00	0.00	0.00	25.00	25.00
23	0.00	0.00	0.00	0.00	25.00	25.00
24	0.00	0.00	0.00	0.00	25.00	25.00
25	0.00	0.00	0.00	0.00	25.00	25.00
26	0.00	0.00	0.00	0.00	25.00	25.00
27	0.00	0.00	0.00	0.00	25.00	25.00
28	0.00	0.00	0.00	0.00	25.00	25.00
daily	65.78	54.67	150.58	27.33	276.63	575.00

