Passenger Wait Time [s]
hour	n	avg	sd		min	2%ile	5%ile	25%ile	50%ile	75%ile	95%ile	98%ile	max
6	8	143.4	99.4		43	43	43	71	129	165	364	364	364
7	20	133.8	63.1		49	49	49	68	143	183	236	237	237
8	39	113.6	75.6		1	1	13	65	94	162	291	297	297
9	40	126.1	92.8		1	1	2	56	116	172	304	477	477
10	41	140.8	88.8		1	1	4	78	130	186	341	383	383
11	28	131.7	60.8		49	49	52	89	112	155	265	268	268
12	8	132.0	52.3		37	37	37	95	143	170	202	202	202
13	17	81.4	51.9		1	1	1	38	79	103	202	202	202
14	45	321.0	158.5		72	72	124	210	259	399	653	763	763
15	36	170.6	124.8		1	1	1	97	141	241	461	469	469
16	48	134.1	73.0		1	1	27	93	120	186	258	368	368
17	39	169.1	133.8		1	1	1	88	125	215	479	535	535
18	24	131.1	93.8		1	1	7	70	99	191	373	402	402
19	15	87.1	77.7		1	1	1	36	63	109	299	299	299
20	0	NaN	NaN		NaN	NaN	NaN	NaN	NaN	NaN	NaN	NaN	NaN
21	0	NaN	NaN		NaN	NaN	NaN	NaN	NaN	NaN	NaN	NaN	NaN
22	0	NaN	NaN		NaN	NaN	NaN	NaN	NaN	NaN	NaN	NaN	NaN
23	0	NaN	NaN		NaN	NaN	NaN	NaN	NaN	NaN	NaN	NaN	NaN
24	0	NaN	NaN		NaN	NaN	NaN	NaN	NaN	NaN	NaN	NaN	NaN
25	0	NaN	NaN		NaN	NaN	NaN	NaN	NaN	NaN	NaN	NaN	NaN
26	0	NaN	NaN		NaN	NaN	NaN	NaN	NaN	NaN	NaN	NaN	NaN
27	0	NaN	NaN		NaN	NaN	NaN	NaN	NaN	NaN	NaN	NaN	NaN
28	0	NaN	NaN		NaN	NaN	NaN	NaN	NaN	NaN	NaN	NaN	NaN
daily	408	155.1	117.7		1	1	25	78	125	202	394	525	763

Vehicle Empty Drive Ratio
hour	fleetAvg	avg	sd		min	2%ile	5%ile	25%ile	50%ile	75%ile	95%ile	98%ile	max
6	0.3829	0.5561	0.3785		0.136	0.136	0.136	0.180	0.559	0.962	1.000	1.000	1.000
7	0.3017	0.3063	0.1946		0.000	0.000	0.000	0.199	0.296	0.347	0.749	0.749	0.749
8	0.2752	0.3254	0.2446		0.000	0.000	0.000	0.214	0.263	0.367	1.000	1.000	1.000
9	0.2766	0.2618	0.1353		0.000	0.000	0.008	0.176	0.263	0.361	0.488	0.489	0.489
10	0.2729	0.2747	0.1132		0.085	0.085	0.085	0.219	0.264	0.330	0.629	0.629	0.629
11	0.3119	0.3540	0.2155		0.162	0.162	0.162	0.223	0.308	0.398	1.000	1.000	1.000
12	0.2260	0.2580	0.2610		0.000	0.000	0.000	0.053	0.176	0.413	0.828	0.828	0.828
13	0.1709	0.1418	0.1110		0.000	0.000	0.000	0.019	0.156	0.223	0.335	0.335	0.335
14	0.4536	0.4350	0.1051		0.273	0.273	0.275	0.344	0.428	0.511	0.632	0.635	0.635
15	0.3243	0.3327	0.1438		0.121	0.121	0.121	0.192	0.318	0.479	0.519	0.519	0.519
16	0.2861	0.3008	0.1338		0.077	0.077	0.077	0.187	0.322	0.391	0.585	0.585	0.585
17	0.3279	0.3233	0.1717		0.089	0.089	0.089	0.189	0.256	0.470	0.640	0.640	0.640
18	0.2609	0.2215	0.1435		0.000	0.000	0.000	0.136	0.220	0.318	0.456	0.456	0.456
19	0.1925	0.1856	0.1377		0.000	0.000	0.000	0.127	0.169	0.268	0.489	0.489	0.489
20	0.2113	0.0977	0.1954		0.000	0.000	0.000	0.000	0.000	0.293	0.391	0.391	0.391
21	NaN	NaN	NaN		NaN	NaN	NaN	NaN	NaN	NaN	NaN	NaN	NaN
22	NaN	NaN	NaN		NaN	NaN	NaN	NaN	NaN	NaN	NaN	NaN	NaN
23	NaN	NaN	NaN		NaN	NaN	NaN	NaN	NaN	NaN	NaN	NaN	NaN
24	NaN	NaN	NaN		NaN	NaN	NaN	NaN	NaN	NaN	NaN	NaN	NaN
25	NaN	NaN	NaN		NaN	NaN	NaN	NaN	NaN	NaN	NaN	NaN	NaN
26	NaN	NaN	NaN		NaN	NaN	NaN	NaN	NaN	NaN	NaN	NaN	NaN
27	NaN	NaN	NaN		NaN	NaN	NaN	NaN	NaN	NaN	NaN	NaN	NaN
28	NaN	NaN	NaN		NaN	NaN	NaN	NaN	NaN	NaN	NaN	NaN	NaN
daily	0.3093	0.3093	0.0456		0.225	0.225	0.231	0.267	0.320	0.344	0.387	0.388	0.388

Vehicle Wait Ratio
hour	fleetAvg	avg	sd		min	2%ile	5%ile	25%ile	50%ile	75%ile	95%ile	98%ile	max
6	0.9546	0.9546	0.0894		0.683	0.683	0.703	0.935	1.000	1.000	1.000	1.000	1.000
7	0.8622	0.8622	0.1183		0.642	0.642	0.648	0.783	0.846	1.000	1.000	1.000	1.000
8	0.7688	0.7688	0.1527		0.489	0.489	0.490	0.653	0.785	0.865	1.000	1.000	1.000
9	0.7015	0.7015	0.1916		0.268	0.268	0.327	0.571	0.688	0.841	1.000	1.000	1.000
10	0.6785	0.6785	0.2223		0.274	0.274	0.312	0.485	0.641	0.911	1.000	1.000	1.000
11	0.8149	0.8149	0.2275		0.258	0.258	0.319	0.593	0.952	1.000	1.000	1.000	1.000
12	0.9291	0.9291	0.1156		0.569	0.569	0.613	0.867	1.000	1.000	1.000	1.000	1.000
13	0.8792	0.8792	0.1447		0.620	0.620	0.631	0.702	1.000	1.000	1.000	1.000	1.000
14	0.5645	0.5645	0.1921		0.098	0.098	0.119	0.502	0.633	0.712	0.729	0.730	0.730
15	0.7210	0.7210	0.2485		0.216	0.216	0.270	0.520	0.700	1.000	1.000	1.000	1.000
16	0.6500	0.6500	0.2430		0.288	0.288	0.304	0.429	0.623	0.919	1.000	1.000	1.000
17	0.7242	0.7242	0.2138		0.401	0.401	0.402	0.522	0.716	1.000	1.000	1.000	1.000
18	0.7844	0.7844	0.2211		0.356	0.356	0.388	0.555	0.839	1.000	1.000	1.000	1.000
19	0.9071	0.9071	0.1576		0.264	0.264	0.412	0.837	1.000	1.000	1.000	1.000	1.000
20	0.9866	0.9866	0.0406		0.823	0.823	0.844	1.000	1.000	1.000	1.000	1.000	1.000
21	1.0000	1.0000	0.0000		1.000	1.000	1.000	1.000	1.000	1.000	1.000	1.000	1.000
22	1.0000	1.0000	0.0000		1.000	1.000	1.000	1.000	1.000	1.000	1.000	1.000	1.000
23	1.0000	1.0000	0.0000		1.000	1.000	1.000	1.000	1.000	1.000	1.000	1.000	1.000
24	1.0000	1.0000	0.0000		1.000	1.000	1.000	1.000	1.000	1.000	1.000	1.000	1.000
25	1.0000	1.0000	0.0000		1.000	1.000	1.000	1.000	1.000	1.000	1.000	1.000	1.000
26	1.0000	1.0000	0.0000		1.000	1.000	1.000	1.000	1.000	1.000	1.000	1.000	1.000
27	1.0000	1.0000	0.0000		1.000	1.000	1.000	1.000	1.000	1.000	1.000	1.000	1.000
28	1.0000	1.0000	0.0000		1.000	1.000	1.000	1.000	1.000	1.000	1.000	1.000	1.000
daily	0.8664	0.8664	0.0509		0.768	0.768	0.771	0.822	0.866	0.913	0.952	0.955	0.955

Total duration of tasks by type [h]
hour	EMPTY_DRIVE	PICKUP	OCCUPIED_DRIVE	DROPOFF	STAY	all
6	0.32	0.26	0.51	0.05	23.87	25.00
7	0.74	0.68	1.71	0.32	21.56	25.00
8	1.12	1.13	2.94	0.59	19.22	25.00
9	1.47	1.42	3.84	0.73	17.54	25.00
10	1.61	1.41	4.29	0.72	16.96	25.00
11	1.02	0.93	2.26	0.42	20.37	25.00
12	0.29	0.30	1.00	0.18	23.23	25.00
13	0.37	0.53	1.81	0.30	21.98	25.00
14	3.98	1.46	4.79	0.66	14.11	25.00
15	1.68	1.17	3.51	0.61	18.02	25.00
16	1.81	1.65	4.52	0.77	16.25	25.00
17	1.66	1.20	3.40	0.64	18.10	25.00
18	1.03	0.94	2.92	0.50	19.61	25.00
19	0.31	0.47	1.30	0.25	22.68	25.00
20	0.05	0.03	0.19	0.07	24.66	25.00
21	0.00	0.00	0.00	0.00	25.00	25.00
22	0.00	0.00	0.00	0.00	25.00	25.00
23	0.00	0.00	0.00	0.00	25.00	25.00
24	0.00	0.00	0.00	0.00	25.00	25.00
25	0.00	0.00	0.00	0.00	25.00	25.00
26	0.00	0.00	0.00	0.00	25.00	25.00
27	0.00	0.00	0.00	0.00	25.00	25.00
28	0.00	0.00	0.00	0.00	25.00	25.00
daily	17.46	13.60	38.98	6.80	498.17	575.00

