Passenger Wait Time [min]
hour	0.00+	2.50+	5.00+	7.50+	10.00+	12.50+	15.00+	17.50+	20.00+	22.50+	25.00+	27.50+	30.00+	32.50+	35.00+	37.50+	40.00+	42.50+	45.00+	47.50+	50.00+	52.50+	55.00+	57.50+	60.00+
6	5	2	1	0	0	0	0	0	0	0	0	0	0	0	0	0	0	0	0	0	0	0	0	0	0
7	10	10	0	0	0	0	0	0	0	0	0	0	0	0	0	0	0	0	0	0	0	0	0	0	0
8	28	11	0	0	0	0	0	0	0	0	0	0	0	0	0	0	0	0	0	0	0	0	0	0	0
9	27	11	1	1	0	0	0	0	0	0	0	0	0	0	0	0	0	0	0	0	0	0	0	0	0
10	24	14	3	0	0	0	0	0	0	0	0	0	0	0	0	0	0	0	0	0	0	0	0	0	0
11	19	9	0	0	0	0	0	0	0	0	0	0	0	0	0	0	0	0	0	0	0	0	0	0	0
12	4	4	0	0	0	0	0	0	0	0	0	0	0	0	0	0	0	0	0	0	0	0	0	0	0
13	15	2	0	0	0	0	0	0	0	0	0	0	0	0	0	0	0	0	0	0	0	0	0	0	0
14	3	23	11	5	2	1	0	0	0	0	0	0	0	0	0	0	0	0	0	0	0	0	0	0	0
15	21	8	5	2	0	0	0	0	0	0	0	0	0	0	0	0	0	0	0	0	0	0	0	0	0
16	30	17	1	0	0	0	0	0	0	0	0	0	0	0	0	0	0	0	0	0	0	0	0	0	0
17	23	9	5	2	0	0	0	0	0	0	0	0	0	0	0	0	0	0	0	0	0	0	0	0	0
18	16	7	1	0	0	0	0	0	0	0	0	0	0	0	0	0	0	0	0	0	0	0	0	0	0
19	13	2	0	0	0	0	0	0	0	0	0	0	0	0	0	0	0	0	0	0	0	0	0	0	0
20	0	0	0	0	0	0	0	0	0	0	0	0	0	0	0	0	0	0	0	0	0	0	0	0	0
21	0	0	0	0	0	0	0	0	0	0	0	0	0	0	0	0	0	0	0	0	0	0	0	0	0
22	0	0	0	0	0	0	0	0	0	0	0	0	0	0	0	0	0	0	0	0	0	0	0	0	0
23	0	0	0	0	0	0	0	0	0	0	0	0	0	0	0	0	0	0	0	0	0	0	0	0	0
24	0	0	0	0	0	0	0	0	0	0	0	0	0	0	0	0	0	0	0	0	0	0	0	0	0
25	0	0	0	0	0	0	0	0	0	0	0	0	0	0	0	0	0	0	0	0	0	0	0	0	0
26	0	0	0	0	0	0	0	0	0	0	0	0	0	0	0	0	0	0	0	0	0	0	0	0	0
27	0	0	0	0	0	0	0	0	0	0	0	0	0	0	0	0	0	0	0	0	0	0	0	0	0
28	0	0	0	0	0	0	0	0	0	0	0	0	0	0	0	0	0	0	0	0	0	0	0	0	0
daily	238	129	28	10	2	1	0	0	0	0	0	0	0	0	0	0	0	0	0	0	0	0	0	0	0

Vehicle Empty Drive Ratio
hour	0.00+	0.05+	0.10+	0.15+	0.20+	0.25+	0.30+	0.35+	0.40+	0.45+	0.50+	0.55+	0.60+	0.65+	0.70+	0.75+	0.80+	0.85+	0.90+	0.95+
6	0	0	1	1	1	0	0	0	0	0	0	1	0	0	0	0	1	0	0	2
7	2	0	1	1	2	3	5	0	0	0	0	1	1	0	1	0	0	0	0	0
8	2	0	1	1	6	4	1	4	1	0	1	0	0	0	0	0	0	0	0	2
9	1	3	1	0	5	3	3	2	0	3	0	0	0	0	0	0	0	0	0	0
10	0	1	1	1	4	6	3	2	0	0	0	0	1	0	0	0	0	0	0	0
11	0	0	0	3	0	3	2	3	0	1	0	0	0	0	0	0	0	0	0	1
12	2	0	1	2	1	0	0	1	1	0	0	0	0	0	0	0	1	0	0	0
13	3	2	1	1	3	1	1	0	0	0	0	0	0	0	0	0	0	0	0	0
14	0	0	0	0	0	4	3	3	3	2	8	0	2	0	0	0	0	0	0	0
15	0	0	2	2	1	2	2	0	2	2	3	0	0	0	0	0	0	0	0	0
16	0	2	1	3	0	1	5	3	3	0	0	1	0	0	0	0	0	0	0	0
17	0	1	0	5	2	3	0	2	0	1	1	0	3	0	0	0	0	0	0	0
18	3	0	1	1	4	2	1	1	1	1	0	0	0	0	0	0	0	0	0	0
19	2	0	3	2	0	3	0	0	0	1	0	0	0	0	0	0	0	0	0	0
20	3	0	0	0	0	0	0	1	0	0	0	0	0	0	0	0	0	0	0	0
21	0	0	0	0	0	0	0	0	0	0	0	0	0	0	0	0	0	0	0	0
22	0	0	0	0	0	0	0	0	0	0	0	0	0	0	0	0	0	0	0	0
23	0	0	0	0	0	0	0	0	0	0	0	0	0	0	0	0	0	0	0	0
24	0	0	0	0	0	0	0	0	0	0	0	0	0	0	0	0	0	0	0	0
25	0	0	0	0	0	0	0	0	0	0	0	0	0	0	0	0	0	0	0	0
26	0	0	0	0	0	0	0	0	0	0	0	0	0	0	0	0	0	0	0	0
27	0	0	0	0	0	0	0	0	0	0	0	0	0	0	0	0	0	0	0	0
28	0	0	0	0	0	0	0	0	0	0	0	0	0	0	0	0	0	0	0	0
daily	0	0	0	0	2	9	8	6	0	0	0	0	0	0	0	0	0	0	0	0

Vehicle Wait Ratio
hour	0.00+	0.05+	0.10+	0.15+	0.20+	0.25+	0.30+	0.35+	0.40+	0.45+	0.50+	0.55+	0.60+	0.65+	0.70+	0.75+	0.80+	0.85+	0.90+	0.95+
6	0	0	0	0	0	0	0	0	0	0	0	0	0	1	0	2	0	1	3	18
7	0	0	0	0	0	0	0	0	0	0	0	0	1	2	1	3	6	2	2	8
8	0	0	0	0	0	0	0	0	0	2	0	3	0	3	2	3	4	4	0	4
9	0	0	0	0	0	1	0	0	0	2	1	5	2	3	1	2	2	1	1	4
10	0	0	0	0	0	1	0	0	2	4	2	2	3	0	3	1	1	0	0	6
11	0	0	0	0	0	1	0	0	0	2	1	3	0	0	0	4	1	0	0	13
12	0	0	0	0	0	0	0	0	0	0	0	1	0	0	2	0	2	2	2	16
13	0	0	0	0	0	0	0	0	0	0	0	0	1	5	1	0	3	1	1	13
14	0	1	0	1	1	1	1	0	1	0	0	2	8	2	7	0	0	0	0	0
15	0	0	0	0	1	0	0	1	1	2	2	3	2	1	1	1	0	1	0	9
16	0	0	0	0	0	1	2	1	3	1	2	2	3	1	0	2	1	0	0	6
17	0	0	0	0	0	0	0	0	3	3	1	0	4	0	3	2	2	0	0	7
18	0	0	0	0	0	0	0	1	0	2	2	3	0	2	0	1	2	2	0	10
19	0	0	0	0	0	1	0	0	0	0	0	0	0	0	0	1	7	1	1	14
20	0	0	0	0	0	0	0	0	0	0	0	0	0	0	0	0	1	1	0	23
21	0	0	0	0	0	0	0	0	0	0	0	0	0	0	0	0	0	0	0	25
22	0	0	0	0	0	0	0	0	0	0	0	0	0	0	0	0	0	0	0	25
23	0	0	0	0	0	0	0	0	0	0	0	0	0	0	0	0	0	0	0	25
24	0	0	0	0	0	0	0	0	0	0	0	0	0	0	0	0	0	0	0	25
25	0	0	0	0	0	0	0	0	0	0	0	0	0	0	0	0	0	0	0	25
26	0	0	0	0	0	0	0	0	0	0	0	0	0	0	0	0	0	0	0	25
27	0	0	0	0	0	0	0	0	0	0	0	0	0	0	0	0	0	0	0	25
28	0	0	0	0	0	0	0	0	0	0	0	0	0	0	0	0	0	0	0	25
daily	0	0	0	0	0	0	0	0	0	0	0	0	0	0	0	2	7	9	6	1

Vehicle Wait Ratio Counts
hour	0.00+	0.01+	0.25+	0.50+	0.75+	1.00+
6	0	0	0	1	6	18
7	0	0	0	4	13	8
8	0	0	2	8	13	2
9	0	0	3	12	6	4
10	0	0	7	10	2	6
11	0	0	3	4	6	12
12	0	0	0	3	6	16
13	0	0	0	7	5	13
14	0	3	3	19	0	0
15	0	1	4	9	2	9
16	0	0	8	8	3	6
17	0	0	6	8	4	7
18	0	0	3	7	5	10
19	0	0	1	0	10	14
20	0	0	0	0	4	21
21	0	0	0	0	0	25
22	0	0	0	0	0	25
23	0	0	0	0	0	25
24	0	0	0	0	0	25
25	0	0	0	0	0	25
26	0	0	0	0	0	25
27	0	0	0	0	0	25
28	0	0	0	0	0	25
daily	0	0	0	0	25	0

