Passenger Wait Time [min]
hour	0.00+	2.50+	5.00+	7.50+	10.00+	12.50+	15.00+	17.50+	20.00+	22.50+	25.00+	27.50+	30.00+	32.50+	35.00+	37.50+	40.00+	42.50+	45.00+	47.50+	50.00+	52.50+	55.00+	57.50+	60.00+
6	5	2	1	0	0	0	0	0	0	0	0	0	0	0	0	0	0	0	0	0	0	0	0	0	0
7	11	9	0	0	0	0	0	0	0	0	0	0	0	0	0	0	0	0	0	0	0	0	0	0	0
8	33	6	0	0	0	0	0	0	0	0	0	0	0	0	0	0	0	0	0	0	0	0	0	0	0
9	38	3	0	0	0	0	0	0	0	0	0	0	0	0	0	0	0	0	0	0	0	0	0	0	0
10	38	2	2	0	0	0	0	0	0	0	0	0	0	0	0	0	0	0	0	0	0	0	0	0	0
11	27	2	0	0	0	0	0	0	0	0	0	0	0	0	0	0	0	0	0	0	0	0	0	0	0
12	7	2	0	0	0	0	0	0	0	0	0	0	0	0	0	0	0	0	0	0	0	0	0	0	0
13	18	0	0	0	0	0	0	0	0	0	0	0	0	0	0	0	0	0	0	0	0	0	0	0	0
14	24	3	0	0	0	0	0	0	0	0	0	0	0	0	0	0	0	0	0	0	0	0	0	0	0
15	34	4	0	0	0	0	0	0	0	0	0	0	0	0	0	0	0	0	0	0	0	0	0	0	0
16	36	13	0	0	0	0	0	0	0	0	0	0	0	0	0	0	0	0	0	0	0	0	0	0	0
17	29	8	3	0	0	0	0	0	0	0	0	0	0	0	0	0	0	0	0	0	0	0	0	0	0
18	18	5	2	0	0	0	0	0	0	0	0	0	0	0	0	0	0	0	0	0	0	0	0	0	0
19	13	3	0	0	0	0	0	0	0	0	0	0	0	0	0	0	0	0	0	0	0	0	0	0	0
20	0	0	1	0	0	0	0	0	0	0	0	0	0	0	0	0	0	0	0	0	0	0	0	0	0
21	0	1	0	0	0	0	0	0	0	0	0	0	0	0	0	0	0	0	0	0	0	0	0	0	0
22	0	0	1	0	0	0	0	0	0	0	0	0	0	0	0	0	0	0	0	0	0	0	0	0	0
23	0	0	1	0	0	0	0	0	0	0	0	0	0	0	0	0	0	0	0	0	0	0	0	0	0
24	0	0	1	0	0	0	0	0	0	0	0	0	0	0	0	0	0	0	0	0	0	0	0	0	0
25	0	0	1	0	0	0	0	0	0	0	0	0	0	0	0	0	0	0	0	0	0	0	0	0	0
26	0	0	1	0	0	0	0	0	0	0	0	0	0	0	0	0	0	0	0	0	0	0	0	0	0
27	0	0	0	0	0	0	0	0	0	0	0	0	0	0	0	0	0	0	0	0	0	0	0	0	0
28	0	0	0	0	0	0	0	0	0	0	0	0	0	0	0	0	0	0	0	0	0	0	0	0	0
daily	331	63	14	0	0	0	0	0	0	0	0	0	0	0	0	0	0	0	0	0	0	0	0	0	0

Vehicle Empty Drive Ratio
hour	0.00+	0.05+	0.10+	0.15+	0.20+	0.25+	0.30+	0.35+	0.40+	0.45+	0.50+	0.55+	0.60+	0.65+	0.70+	0.75+	0.80+	0.85+	0.90+	0.95+
6	0	0	1	1	1	0	0	0	0	0	0	1	0	0	0	0	1	0	0	2
7	2	1	1	2	1	2	5	0	0	0	0	1	1	1	1	0	0	0	0	0
8	3	0	2	1	11	3	1	1	1	0	1	0	0	0	0	0	0	0	0	2
9	3	3	6	3	4	3	3	4	1	0	0	0	0	0	0	0	0	0	0	0
10	8	4	7	4	3	3	2	0	0	0	2	0	0	0	0	0	0	0	0	0
11	0	2	4	6	1	2	2	0	1	0	0	0	0	1	0	0	0	0	0	1
12	5	0	3	1	1	0	1	0	0	0	0	0	0	1	0	1	0	0	0	0
13	6	3	2	4	2	0	0	0	0	0	0	0	0	0	0	0	0	0	0	0
14	1	2	6	7	4	0	1	0	0	0	0	2	0	0	0	0	0	0	0	0
15	5	4	7	4	1	1	1	1	1	0	0	0	1	0	0	0	0	0	0	1
16	4	3	7	1	4	5	4	3	0	0	1	0	0	0	0	0	0	0	0	1
17	2	0	3	6	1	2	2	2	1	0	1	0	0	1	0	0	0	0	0	2
18	5	1	1	5	0	1	1	2	0	1	1	0	0	0	0	0	0	0	0	0
19	2	0	2	2	1	3	0	0	0	1	0	0	0	0	0	0	0	0	0	0
20	2	0	0	0	0	0	0	2	0	0	0	0	0	0	0	0	0	0	0	0
21	0	0	0	0	0	1	0	0	0	0	0	0	0	0	0	0	0	0	0	0
22	0	0	0	0	0	0	0	1	0	0	0	0	0	0	0	0	0	0	0	0
23	0	0	0	0	0	0	0	1	0	0	0	0	0	0	0	0	0	0	0	0
24	0	0	0	0	0	0	0	1	0	0	0	0	0	0	0	0	0	0	0	0
25	0	0	0	0	0	0	0	1	0	0	0	0	0	0	0	0	0	0	0	0
26	0	0	0	0	0	0	0	1	0	0	0	0	0	0	0	0	0	0	0	0
27	0	0	0	0	0	0	0	0	0	0	0	0	0	0	0	0	0	0	0	0
28	0	0	0	0	0	0	0	0	0	0	0	0	0	0	0	0	0	0	0	0
daily	0	1	2	17	18	9	3	0	0	0	0	0	0	0	0	0	0	0	0	0

Vehicle Wait Ratio
hour	0.00+	0.05+	0.10+	0.15+	0.20+	0.25+	0.30+	0.35+	0.40+	0.45+	0.50+	0.55+	0.60+	0.65+	0.70+	0.75+	0.80+	0.85+	0.90+	0.95+
6	0	0	0	0	0	0	0	0	0	0	0	0	0	1	0	2	0	1	3	43
7	0	0	0	0	0	0	0	0	0	0	0	0	1	2	1	1	8	2	3	32
8	0	0	0	0	0	0	0	0	1	0	0	1	0	4	2	5	5	6	0	26
9	0	0	0	0	0	0	0	1	0	0	0	1	4	2	4	4	7	5	1	21
10	0	0	0	0	0	0	0	0	0	1	0	1	2	3	5	7	7	4	3	17
11	0	0	0	0	0	0	0	0	0	0	1	1	0	3	2	3	5	3	1	31
12	0	0	0	0	0	0	0	0	0	0	0	0	0	0	1	2	2	4	4	37
13	0	0	0	0	0	0	0	0	0	0	0	0	0	3	0	1	8	3	2	33
14	0	0	0	0	0	0	0	0	0	0	0	0	0	0	4	4	7	7	1	27
15	0	0	0	0	0	0	0	0	0	1	0	0	2	5	1	5	6	5	1	24
16	0	0	0	0	0	0	0	0	0	2	4	1	2	2	3	4	5	7	2	18
17	0	0	0	0	0	0	0	0	1	1	3	1	3	2	1	2	4	2	2	28
18	0	0	0	0	0	0	1	1	0	0	2	1	0	4	2	0	3	4	0	32
19	0	0	0	0	0	0	1	0	0	0	0	0	0	2	0	1	5	1	1	39
20	0	0	0	0	0	0	0	0	0	0	0	0	0	1	0	0	1	1	0	47
21	0	0	0	0	0	0	0	0	0	0	0	0	0	0	1	0	0	0	0	49
22	0	0	0	0	0	0	0	0	0	0	0	0	0	0	1	0	0	0	0	49
23	0	0	0	0	0	0	0	0	0	0	0	0	0	0	1	0	0	0	0	49
24	0	0	0	0	0	0	0	0	0	0	0	0	0	0	1	0	0	0	0	49
25	0	0	0	0	0	0	0	0	0	0	0	0	0	0	1	0	0	0	0	49
26	0	0	0	0	0	0	0	0	0	0	0	0	0	0	1	0	0	0	0	49
27	0	0	0	0	0	0	0	0	0	0	0	0	0	0	0	0	0	0	0	50
28	0	0	0	0	0	0	0	0	0	0	0	0	0	0	0	0	0	0	0	50
daily	0	0	0	0	0	0	0	0	0	0	0	0	0	0	0	0	0	3	30	17

Vehicle Wait Ratio Counts
hour	0.00+	0.01+	0.25+	0.50+	0.75+	1.00+
6	0	0	0	1	6	43
7	0	0	0	4	14	32
8	0	0	1	7	19	23
9	0	0	1	11	18	20
10	0	0	1	11	21	17
11	0	0	0	7	13	30
12	0	0	0	1	12	37
13	0	0	0	3	14	33
14	0	0	0	4	19	27
15	0	0	1	8	18	23
16	0	0	2	12	19	17
17	0	0	2	10	12	26
18	0	0	2	9	7	32
19	0	0	1	2	8	39
20	0	0	0	1	3	46
21	0	0	0	1	0	49
22	0	0	0	1	0	49
23	0	0	0	1	0	49
24	0	0	0	1	0	49
25	0	0	0	1	0	49
26	0	0	0	1	0	49
27	0	0	0	0	0	50
28	0	0	0	0	0	50
daily	0	0	0	0	50	0

