Passenger Wait Time [s]
hour	n	avg	sd		min	2%ile	5%ile	25%ile	50%ile	75%ile	95%ile	98%ile	max
6	8	143.4	99.4		43	43	43	71	129	165	364	364	364
7	20	131.9	62.6		49	49	49	68	131	183	236	237	237
8	39	89.6	54.0		1	1	1	54	88	129	204	230	230
9	41	84.0	48.4		1	1	3	40	85	119	170	210	210
10	42	72.1	76.8		1	1	1	27	45	90	300	358	358
11	29	80.4	41.7		23	23	25	48	79	100	167	176	176
12	9	99.8	60.1		18	18	18	44	101	150	194	194	194
13	18	49.3	32.2		1	1	1	32	45	69	116	116	116
14	27	72.1	47.6		1	1	1	42	67	89	168	168	168
15	38	80.3	65.9		1	1	1	32	71	117	234	289	289
16	49	97.8	75.4		1	1	1	40	80	163	250	287	287
17	40	125.4	99.9		1	1	1	57	104	182	346	411	411
18	25	128.7	109.6		1	1	1	48	93	205	372	375	375
19	16	98.0	83.6		1	1	1	41	67	122	299	299	299
20	1	317.0	0.0		317	317	317	317	317	317	317	317	317
21	1	207.0	0.0		207	207	207	207	207	207	207	207	207
22	1	349.0	0.0		349	349	349	349	349	349	349	349	349
23	1	350.0	0.0		350	350	350	350	350	350	350	350	350
24	1	351.0	0.0		351	351	351	351	351	351	351	351	351
25	1	354.0	0.0		354	354	354	354	354	354	354	354	354
26	1	354.0	0.0		354	354	354	354	354	354	354	354	354
27	0	NaN	NaN		NaN	NaN	NaN	NaN	NaN	NaN	NaN	NaN	NaN
28	0	NaN	NaN		NaN	NaN	NaN	NaN	NaN	NaN	NaN	NaN	NaN
daily	408	97.4	79.2		1	1	1	42	82	131	265	351	411

Vehicle Empty Drive Ratio
hour	fleetAvg	avg	sd		min	2%ile	5%ile	25%ile	50%ile	75%ile	95%ile	98%ile	max
6	0.3829	0.5561	0.3785		0.136	0.136	0.136	0.180	0.559	0.962	1.000	1.000	1.000
7	0.2974	0.3144	0.2178		0.000	0.000	0.000	0.180	0.297	0.403	0.749	0.749	0.749
8	0.2248	0.2826	0.2417		0.000	0.000	0.000	0.201	0.236	0.288	1.000	1.000	1.000
9	0.2074	0.2077	0.1210		0.000	0.000	0.000	0.109	0.207	0.324	0.404	0.417	0.417
10	0.1586	0.1567	0.1362		0.000	0.000	0.000	0.056	0.123	0.229	0.516	0.537	0.537
11	0.2094	0.2607	0.2240		0.056	0.056	0.057	0.146	0.172	0.301	0.985	1.000	1.000
12	0.1789	0.1981	0.2571		0.000	0.000	0.000	0.000	0.111	0.283	0.785	0.785	0.785
13	0.1076	0.0959	0.0834		0.000	0.000	0.000	0.000	0.084	0.171	0.226	0.226	0.226
14	0.1892	0.2009	0.1361		0.000	0.000	0.013	0.137	0.180	0.221	0.586	0.591	0.591
15	0.1894	0.1933	0.2141		0.000	0.000	0.000	0.087	0.137	0.247	0.847	1.000	1.000
16	0.2185	0.2294	0.1861		0.000	0.000	0.008	0.110	0.237	0.312	0.652	1.000	1.000
17	0.2694	0.3167	0.2635		0.000	0.000	0.009	0.171	0.221	0.373	1.000	1.000	1.000
18	0.2468	0.1868	0.1663		0.000	0.000	0.000	0.000	0.167	0.339	0.506	0.506	0.506
19	0.2094	0.1911	0.1369		0.000	0.000	0.000	0.131	0.183	0.267	0.489	0.489	0.489
20	0.2903	0.1866	0.2159		0.000	0.000	0.000	0.000	0.178	0.382	0.391	0.391	0.391
21	0.2754	0.2754	0.0000		0.275	0.275	0.275	0.275	0.275	0.275	0.275	0.275	0.275
22	0.3910	0.3910	0.0000		0.391	0.391	0.391	0.391	0.391	0.391	0.391	0.391	0.391
23	0.3917	0.3917	0.0000		0.392	0.392	0.392	0.392	0.392	0.392	0.392	0.392	0.392
24	0.3924	0.3924	0.0000		0.392	0.392	0.392	0.392	0.392	0.392	0.392	0.392	0.392
25	0.3944	0.3944	0.0000		0.394	0.394	0.394	0.394	0.394	0.394	0.394	0.394	0.394
26	0.3944	0.3944	0.0000		0.394	0.394	0.394	0.394	0.394	0.394	0.394	0.394	0.394
27	NaN	NaN	NaN		NaN	NaN	NaN	NaN	NaN	NaN	NaN	NaN	NaN
28	NaN	NaN	NaN		NaN	NaN	NaN	NaN	NaN	NaN	NaN	NaN	NaN
daily	0.2193	0.2160	0.0475		0.080	0.081	0.133	0.192	0.210	0.247	0.315	0.331	0.331

Vehicle Wait Ratio
hour	fleetAvg	avg	sd		min	2%ile	5%ile	25%ile	50%ile	75%ile	95%ile	98%ile	max
6	0.9773	0.9773	0.0666		0.683	0.684	0.770	1.000	1.000	1.000	1.000	1.000	1.000
7	0.9311	0.9311	0.1056		0.642	0.642	0.670	0.845	1.000	1.000	1.000	1.000	1.000
8	0.8884	0.8884	0.1374		0.436	0.439	0.629	0.796	0.984	1.000	1.000	1.000	1.000
9	0.8573	0.8573	0.1527		0.362	0.367	0.595	0.755	0.872	1.000	1.000	1.000	1.000
10	0.8492	0.8492	0.1362		0.476	0.479	0.615	0.752	0.830	1.000	1.000	1.000	1.000
11	0.9111	0.9111	0.1317		0.519	0.520	0.618	0.818	1.000	1.000	1.000	1.000	1.000
12	0.9621	0.9621	0.0726		0.717	0.717	0.768	0.929	1.000	1.000	1.000	1.000	1.000
13	0.9386	0.9386	0.0972		0.672	0.672	0.682	0.860	1.000	1.000	1.000	1.000	1.000
14	0.9159	0.9159	0.1011		0.702	0.702	0.714	0.838	1.000	1.000	1.000	1.000	1.000
15	0.8772	0.8772	0.1390		0.496	0.498	0.613	0.793	0.903	1.000	1.000	1.000	1.000
16	0.8292	0.8292	0.1698		0.451	0.452	0.493	0.720	0.860	1.000	1.000	1.000	1.000
17	0.8689	0.8689	0.1803		0.408	0.409	0.493	0.775	1.000	1.000	1.000	1.000	1.000
18	0.8887	0.8887	0.1788		0.348	0.349	0.455	0.804	1.000	1.000	1.000	1.000	1.000
19	0.9482	0.9482	0.1249		0.307	0.314	0.684	1.000	1.000	1.000	1.000	1.000	1.000
20	0.9875	0.9875	0.0523		0.686	0.689	0.861	1.000	1.000	1.000	1.000	1.000	1.000
21	0.9948	0.9948	0.0365		0.742	0.747	1.000	1.000	1.000	1.000	1.000	1.000	1.000
22	0.9941	0.9941	0.0420		0.703	0.709	1.000	1.000	1.000	1.000	1.000	1.000	1.000
23	0.9941	0.9941	0.0421		0.703	0.708	1.000	1.000	1.000	1.000	1.000	1.000	1.000
24	0.9940	0.9940	0.0421		0.702	0.708	1.000	1.000	1.000	1.000	1.000	1.000	1.000
25	0.9940	0.9940	0.0422		0.701	0.707	1.000	1.000	1.000	1.000	1.000	1.000	1.000
26	0.9940	0.9940	0.0422		0.701	0.707	1.000	1.000	1.000	1.000	1.000	1.000	1.000
27	1.0000	1.0000	0.0000		1.000	1.000	1.000	1.000	1.000	1.000	1.000	1.000	1.000
28	1.0000	1.0000	0.0000		1.000	1.000	1.000	1.000	1.000	1.000	1.000	1.000	1.000
daily	0.9389	0.9389	0.0254		0.863	0.863	0.897	0.919	0.942	0.959	0.978	0.988	0.988

Total duration of tasks by type [h]
hour	EMPTY_DRIVE	PICKUP	OCCUPIED_DRIVE	DROPOFF	STAY	all
6	0.32	0.26	0.51	0.05	48.87	50.00
7	0.73	0.68	1.72	0.32	46.56	50.00
8	0.87	1.14	2.99	0.59	44.42	50.00
9	1.02	1.45	3.91	0.75	42.86	50.00
10	0.85	1.47	4.49	0.74	42.46	50.00
11	0.64	0.96	2.42	0.43	45.55	50.00
12	0.25	0.31	1.13	0.20	48.11	50.00
13	0.24	0.57	1.95	0.32	46.93	50.00
14	0.54	0.93	2.31	0.43	45.80	50.00
15	0.83	1.20	3.54	0.58	43.86	50.00
16	1.33	1.66	4.75	0.80	41.46	50.00
17	1.27	1.22	3.44	0.63	43.45	50.00
18	1.00	0.99	3.06	0.52	44.44	50.00
19	0.38	0.50	1.44	0.27	47.41	50.00
20	0.14	0.07	0.34	0.08	49.38	50.00
21	0.06	0.03	0.15	0.02	49.74	50.00
22	0.10	0.03	0.15	0.02	49.70	50.00
23	0.10	0.03	0.15	0.02	49.70	50.00
24	0.10	0.03	0.15	0.02	49.70	50.00
25	0.10	0.03	0.15	0.02	49.70	50.00
26	0.10	0.03	0.15	0.02	49.70	50.00
27	0.00	0.00	0.00	0.00	50.00	50.00
28	0.00	0.00	0.00	0.00	50.00	50.00
daily	10.93	13.60	38.89	6.80	1079.79	1150.00

