Passenger Wait Time [s]
hour	n	avg	sd		min	2%ile	5%ile	25%ile	50%ile	75%ile	95%ile	98%ile	max
0	1231	529.8	324.1		5	27	108	302	476	687	1111	1372	2256
1	1061	565.4	423.3		3	11	52	309	466	721	1484	1903	2446
2	972	652.7	456.6		11	37	122	348	523	864	1619	2060	2458
3	881	664.3	431.6		11	34	122	351	558	887	1496	1832	2503
4	885	766.0	539.7		3	39	128	383	617	968	2048	2231	2509
5	649	762.8	581.8		11	11	77	350	564	1032	2040	2235	2537
6	738	637.9	596.7		3	11	11	189	441	985	1934	2005	2537
7	1267	633.3	706.8		3	11	11	11	312	1382	1931	2041	2543
8	2022	397.5	587.3		3	11	11	11	129	454	1847	2031	2427
9	2342	259.1	414.7		3	11	11	11	110	306	1151	1846	2537
10	2110	200.9	328.8		3	11	11	11	11	282	878	1289	2415
11	2245	237.8	390.9		5	11	11	11	11	312	1156	1690	2427
12	2466	224.5	386.2		3	11	11	11	11	290	1043	1721	2287
13	2426	201.8	362.6		3	11	11	11	11	250	945	1588	2308
14	2422	210.3	351.4		3	11	11	11	11	283	940	1532	2036
15	2373	191.5	324.5		3	11	11	11	11	258	846	1403	2060
16	2785	290.4	461.4		3	11	11	11	93	353	1593	1841	2055
17	2817	172.6	281.8		3	11	11	11	11	254	680	1044	2033
18	2525	187.8	294.0		3	11	11	11	11	276	757	1147	1962
19	2018	198.4	271.9		3	11	11	11	109	290	710	938	1956
20	1677	266.8	356.7		3	11	11	11	132	387	986	1203	2070
21	1414	243.4	333.2		3	11	11	11	126	361	887	1256	2099
22	1065	280.8	334.0		5	11	11	11	182	421	961	1251	1934
23	616	238.7	335.4		11	11	11	11	127	333	1039	1151	2037
24	0	NaN	NaN		NaN	NaN	NaN	NaN	NaN	NaN	NaN	NaN	NaN
daily	41007	309.7	438.4		3	11	11	11	141	421	1330	1830	2543

Vehicle Empty Drive Ratio
hour	fleetAvg	avg	sd		min	2%ile	5%ile	25%ile	50%ile	75%ile	95%ile	98%ile	max
0	0.4504	0.4762	0.1855		0.055	0.157	0.210	0.334	0.464	0.591	0.799	1.000	1.000
1	0.3825	0.3768	0.2495		0.000	0.000	0.000	0.194	0.364	0.511	0.877	1.000	1.000
2	0.4212	0.4062	0.2503		0.000	0.000	0.000	0.230	0.415	0.549	0.828	1.000	1.000
3	0.4110	0.4104	0.2853		0.000	0.000	0.000	0.194	0.403	0.561	1.000	1.000	1.000
4	0.4791	0.4655	0.2588		0.000	0.000	0.000	0.310	0.457	0.624	0.962	1.000	1.000
5	0.4383	0.4230	0.2639		0.000	0.000	0.000	0.236	0.400	0.595	0.917	1.000	1.000
6	0.4667	0.5129	0.3257		0.000	0.000	0.000	0.266	0.458	0.794	1.000	1.000	1.000
7	0.5281	0.5643	0.3203		0.000	0.000	0.000	0.311	0.566	0.861	1.000	1.000	1.000
8	0.4520	0.4595	0.2914		0.000	0.000	0.000	0.227	0.438	0.640	1.000	1.000	1.000
9	0.3691	0.3413	0.2303		0.000	0.000	0.000	0.155	0.329	0.502	0.770	0.817	0.908
10	0.2808	0.2473	0.2163		0.000	0.000	0.000	0.051	0.204	0.400	0.640	0.750	1.000
11	0.3159	0.3010	0.2636		0.000	0.000	0.000	0.090	0.254	0.451	0.858	1.000	1.000
12	0.3236	0.2912	0.2405		0.000	0.000	0.000	0.092	0.263	0.442	0.766	0.849	1.000
13	0.2819	0.2686	0.2593		0.000	0.000	0.000	0.054	0.202	0.401	0.853	1.000	1.000
14	0.2975	0.2681	0.2170		0.000	0.000	0.000	0.093	0.242	0.401	0.682	0.792	0.984
15	0.2680	0.2503	0.2184		0.000	0.000	0.000	0.067	0.220	0.378	0.637	0.869	1.000
16	0.3934	0.3715	0.2667		0.000	0.000	0.000	0.164	0.329	0.545	0.900	1.000	1.000
17	0.2742	0.2406	0.2055		0.000	0.000	0.000	0.021	0.212	0.393	0.608	0.717	0.938
18	0.2913	0.2634	0.2162		0.000	0.000	0.000	0.079	0.244	0.422	0.642	0.743	1.000
19	0.2825	0.2559	0.1920		0.000	0.000	0.000	0.105	0.246	0.384	0.576	0.663	1.000
20	0.3244	0.3087	0.2330		0.000	0.000	0.000	0.139	0.295	0.439	0.732	1.000	1.000
21	0.2913	0.2633	0.2105		0.000	0.000	0.000	0.103	0.245	0.396	0.643	0.764	1.000
22	0.3094	0.2812	0.2018		0.000	0.000	0.000	0.123	0.269	0.420	0.648	0.723	0.934
23	0.2757	0.2304	0.2123		0.000	0.000	0.000	0.000	0.210	0.364	0.668	0.727	0.990
24	0.0095	0.0088	0.0646		0.000	0.000	0.000	0.000	0.000	0.000	0.000	0.340	0.539
daily	0.3578	0.3532	0.0499		0.194	0.252	0.269	0.320	0.353	0.388	0.427	0.445	0.608

Vehicle Wait Ratio
hour	fleetAvg	avg	sd		min	2%ile	5%ile	25%ile	50%ile	75%ile	95%ile	98%ile	max
0	0.5917	0.5917	0.3883		0.003	0.003	0.008	0.253	0.503	1.000	1.000	1.000	1.000
1	0.5752	0.5752	0.4138		0.000	0.000	0.003	0.134	0.576	1.000	1.000	1.000	1.000
2	0.5597	0.5597	0.4269		0.000	0.000	0.001	0.097	0.562	1.000	1.000	1.000	1.000
3	0.6277	0.6276	0.4147		0.000	0.000	0.000	0.167	0.808	1.000	1.000	1.000	1.000
4	0.5968	0.5968	0.4407		0.000	0.000	0.000	0.081	0.967	1.000	1.000	1.000	1.000
5	0.6320	0.6320	0.4034		0.000	0.000	0.018	0.198	1.000	1.000	1.000	1.000	1.000
6	0.7430	0.7430	0.3325		0.000	0.044	0.107	0.446	1.000	1.000	1.000	1.000	1.000
7	0.5439	0.5439	0.3531		0.000	0.013	0.055	0.241	0.450	1.000	1.000	1.000	1.000
8	0.4116	0.4116	0.2873		0.000	0.008	0.047	0.209	0.336	0.508	1.000	1.000	1.000
9	0.3974	0.3974	0.2562		0.003	0.026	0.086	0.217	0.346	0.494	1.000	1.000	1.000
10	0.5040	0.5040	0.3007		0.000	0.036	0.073	0.265	0.452	0.721	1.000	1.000	1.000
11	0.4710	0.4710	0.2887		0.000	0.034	0.086	0.244	0.413	0.649	1.000	1.000	1.000
12	0.4025	0.4025	0.2483		0.003	0.061	0.094	0.224	0.356	0.505	1.000	1.000	1.000
13	0.4579	0.4579	0.2692		0.003	0.034	0.081	0.256	0.421	0.583	1.000	1.000	1.000
14	0.4201	0.4201	0.2684		0.000	0.030	0.075	0.229	0.365	0.517	1.000	1.000	1.000
15	0.4581	0.4581	0.2755		0.001	0.055	0.108	0.253	0.402	0.561	1.000	1.000	1.000
16	0.3143	0.3143	0.1492		0.003	0.028	0.068	0.201	0.314	0.439	0.541	0.573	0.644
17	0.3865	0.3865	0.1813		0.001	0.048	0.099	0.256	0.382	0.503	0.696	0.795	0.988
18	0.4520	0.4520	0.2493		0.003	0.060	0.112	0.280	0.416	0.551	1.000	1.000	1.000
19	0.5305	0.5305	0.3022		0.004	0.069	0.118	0.282	0.464	0.790	1.000	1.000	1.000
20	0.5661	0.5661	0.3332		0.000	0.030	0.082	0.270	0.506	1.000	1.000	1.000	1.000
21	0.6188	0.6188	0.3396		0.000	0.037	0.097	0.309	0.581	1.000	1.000	1.000	1.000
22	0.6832	0.6832	0.3456		0.000	0.061	0.123	0.342	0.910	1.000	1.000	1.000	1.000
23	0.8239	0.8239	0.2728		0.038	0.163	0.247	0.638	1.000	1.000	1.000	1.000	1.000
24	0.0000	0.0000	0.0000		0.000	0.000	0.000	0.000	0.000	0.000	0.000	0.000	0.000
daily	0.5317	0.5318	0.1610		0.197	0.217	0.262	0.403	0.552	0.654	0.774	0.832	0.944

Total duration of tasks by type [h]
hour	EMPTY_DRIVE	PICKUP	OCCUPIED_DRIVE	DROPOFF	STAY	all
0	160.73	37.55	196.17	13.87	591.68	1000.00
1	142.89	33.52	230.66	17.69	575.23	1000.00
2	164.62	32.86	226.23	16.62	559.66	1000.00
3	135.23	28.54	193.77	14.80	627.65	1000.00
4	171.93	29.85	186.90	14.54	596.79	1000.00
5	143.77	26.03	184.22	13.99	631.99	1000.00
6	105.29	20.76	120.32	10.59	743.05	1000.00
7	208.64	40.94	186.47	20.08	543.87	1000.00
8	219.95	68.21	266.70	33.53	411.62	1000.00
9	177.35	81.48	303.17	40.60	397.40	1000.00
10	109.58	70.49	280.66	35.30	503.96	1000.00
11	132.53	73.15	286.96	36.37	470.99	1000.00
12	152.40	84.00	318.57	42.50	402.53	1000.00
13	119.38	79.59	304.14	38.94	457.95	1000.00
14	136.04	81.70	321.26	40.90	420.10	1000.00
15	113.66	78.40	310.50	39.39	458.05	1000.00
16	215.22	92.62	331.80	46.03	314.33	1000.00
17	128.70	95.56	340.62	48.67	386.45	1000.00
18	122.91	84.09	299.06	41.95	452.00	1000.00
19	103.94	67.69	263.93	33.90	530.53	1000.00
20	114.08	54.86	237.62	27.38	566.06	1000.00
21	90.23	47.35	219.50	24.17	618.75	1000.00
22	80.75	36.55	180.23	19.22	683.24	1000.00
23	39.67	21.03	104.19	11.20	823.92	1000.00
24	0.10	0.09	10.54	1.21	0.00	11.94
daily	3289.59	1366.90	5904.19	683.45	12767.81	24011.94

