Passenger Wait Time [min]
hour	0.00+	2.50+	5.00+	7.50+	10.00+	12.50+	15.00+	17.50+	20.00+	22.50+	25.00+	27.50+	30.00+	32.50+	35.00+	37.50+	40.00+	42.50+	45.00+	47.50+	50.00+	52.50+	55.00+	57.50+	60.00+
0	98	205	269	249	153	100	75	40	14	8	12	2	2	1	2	1	0	0	0	0	0	0	0	0	0
1	105	148	247	198	121	93	43	26	15	13	5	9	21	9	1	5	2	0	0	0	0	0	0	0	0
2	60	107	223	168	108	77	82	46	33	17	3	6	10	17	4	7	4	0	0	0	0	0	0	0	0
3	51	108	165	163	104	74	67	28	49	30	11	9	12	6	1	2	1	0	0	0	0	0	0	0	0
4	50	81	148	155	107	74	80	39	23	18	23	12	18	34	11	8	4	0	0	0	0	0	0	0	0
5	56	65	109	116	59	55	29	32	15	17	15	14	28	24	3	9	3	0	0	0	0	0	0	0	0
6	170	81	127	91	30	39	24	18	35	33	22	13	23	30	1	0	1	0	0	0	0	0	0	0	0
7	494	129	126	81	32	28	13	14	29	46	78	70	73	43	5	3	3	0	0	0	0	0	0	0	0
8	1066	282	165	82	39	66	23	24	22	29	70	41	52	44	7	6	4	0	0	0	0	0	0	0	0
9	1321	421	199	113	50	72	33	25	9	15	12	18	30	14	0	7	3	0	0	0	0	0	0	0	0
10	1363	252	209	92	47	51	19	29	10	13	4	4	11	2	3	0	1	0	0	0	0	0	0	0	0
11	1392	262	214	114	46	62	39	22	20	9	19	9	19	16	0	1	1	0	0	0	0	0	0	0	0
12	1563	313	211	122	41	52	44	17	15	12	22	17	23	13	0	1	0	0	0	0	0	0	0	0	0
13	1599	310	183	103	43	57	32	18	12	9	16	15	11	13	2	3	0	0	0	0	0	0	0	0	0
14	1518	349	198	116	55	54	41	20	12	4	16	10	24	5	0	0	0	0	0	0	0	0	0	0	0
15	1512	377	199	101	28	50	29	20	4	11	14	8	14	6	0	0	0	0	0	0	0	0	0	0	0
16	1540	436	290	140	63	31	54	27	24	19	43	41	52	25	0	0	0	0	0	0	0	0	0	0	0
17	1770	492	250	148	37	38	27	10	5	7	13	8	10	2	0	0	0	0	0	0	0	0	0	0	0
18	1526	446	258	141	26	47	28	8	5	7	9	10	10	4	0	0	0	0	0	0	0	0	0	0	0
19	1123	419	186	146	61	36	19	5	1	3	7	6	5	1	0	0	0	0	0	0	0	0	0	0	0
20	866	284	162	127	74	46	52	33	5	3	3	3	6	13	0	0	0	0	0	0	0	0	0	0	0
21	743	249	151	118	49	35	27	13	3	6	4	3	3	10	0	0	0	0	0	0	0	0	0	0	0
22	493	191	141	92	47	28	36	14	7	3	6	2	5	0	0	0	0	0	0	0	0	0	0	0	0
23	340	111	52	31	22	18	13	21	3	0	1	1	0	3	0	0	0	0	0	0	0	0	0	0	0
24	0	0	0	0	0	0	0	0	0	0	0	0	0	0	0	0	0	0	0	0	0	0	0	0	0
daily	20819	6118	4482	3007	1442	1283	929	549	370	332	428	331	462	335	40	53	27	0	0	0	0	0	0	0	0

Vehicle Empty Drive Ratio
hour	0.00+	0.05+	0.10+	0.15+	0.20+	0.25+	0.30+	0.35+	0.40+	0.45+	0.50+	0.55+	0.60+	0.65+	0.70+	0.75+	0.80+	0.85+	0.90+	0.95+
0	0	2	7	14	36	45	52	57	55	58	54	55	44	19	27	14	8	6	1	13
1	68	14	25	43	27	43	56	51	47	46	40	23	18	15	13	8	7	4	3	25
2	56	12	31	32	29	34	41	40	60	48	45	20	27	15	23	20	11	3	5	18
3	77	11	17	29	25	21	40	38	46	40	36	31	19	18	14	3	6	2	1	48
4	51	5	8	5	26	23	42	32	52	45	35	40	28	24	20	10	15	8	7	27
5	49	15	17	23	24	31	42	47	35	27	28	34	19	27	13	14	10	11	2	23
6	46	7	12	10	29	22	20	35	37	30	22	14	10	18	13	9	7	9	5	89
7	49	15	16	25	32	30	42	39	31	36	28	27	35	37	16	29	30	30	13	138
8	59	38	43	53	49	49	53	56	44	71	59	44	40	20	21	28	28	16	10	89
9	113	43	59	63	54	67	91	64	56	62	54	38	33	29	23	21	22	8	1	0
10	204	52	78	70	60	51	64	42	47	37	38	31	16	9	12	5	5	2	1	3
11	172	51	83	63	49	54	72	52	46	47	30	27	15	20	16	10	7	3	3	37
12	191	46	74	66	64	64	60	69	61	47	27	25	32	18	17	18	15	7	5	5
13	219	40	90	90	69	51	40	63	35	37	27	32	12	11	14	8	2	4	1	39
14	179	51	70	80	73	50	86	71	48	37	36	25	21	18	6	14	5	6	3	1
15	202	42	69	87	83	57	72	64	44	30	35	22	15	10	6	3	4	4	1	13
16	103	50	72	93	71	70	71	61	59	58	46	48	50	22	15	17	20	24	11	39
17	266	39	71	104	77	71	63	69	69	47	33	35	21	11	12	3	4	2	1	0
18	212	40	72	75	62	77	49	60	57	65	41	31	23	13	9	7	2	2	3	3
19	155	36	65	57	94	74	75	56	51	53	25	16	15	8	4	1	4	0	2	2
20	118	24	50	56	50	66	59	68	55	49	26	17	23	10	6	5	1	3	2	22
21	128	29	58	57	53	51	54	52	41	33	21	15	14	11	5	6	2	1	0	6
22	84	27	40	41	45	43	50	42	41	23	24	16	12	12	6	4	0	2	1	0
23	103	12	24	31	30	31	25	27	14	18	3	7	2	13	4	1	0	1	1	2
24	69	1	0	0	0	0	0	0	0	0	1	0	0	0	0	0	0	0	0	0
daily	0	0	0	1	17	139	323	341	162	14	2	0	1	0	0	0	0	0	0	0

Vehicle Wait Ratio
hour	0.00+	0.05+	0.10+	0.15+	0.20+	0.25+	0.30+	0.35+	0.40+	0.45+	0.50+	0.55+	0.60+	0.65+	0.70+	0.75+	0.80+	0.85+	0.90+	0.95+
0	91	45	40	36	17	117	31	26	21	7	95	9	2	3	1	26	0	0	0	433
1	152	57	53	49	37	25	14	24	15	14	55	9	11	7	9	21	4	9	4	431
2	187	65	34	45	32	51	21	14	11	8	31	3	6	8	10	26	5	5	5	433
3	167	45	30	29	22	28	17	14	15	11	30	8	5	13	9	56	5	4	10	482
4	223	44	32	25	24	47	7	3	5	6	22	5	9	3	6	20	8	7	3	501
5	79	53	68	57	34	45	17	20	20	16	48	2	6	4	2	3	8	2	4	512
6	23	26	21	22	37	44	27	31	21	12	48	11	8	8	5	81	6	6	4	559
7	44	39	48	64	74	87	65	37	42	12	64	8	10	3	1	96	0	2	1	303
8	50	48	59	72	99	99	103	84	57	45	65	17	6	0	0	65	1	0	0	130
9	26	34	70	89	106	84	95	87	86	82	54	41	20	6	5	8	2	5	1	99
10	31	34	44	45	74	77	55	70	65	71	67	52	33	26	18	23	13	16	9	177
11	26	38	49	60	88	81	62	74	70	73	62	30	39	15	14	65	5	4	1	144
12	12	46	62	83	86	102	94	98	76	82	66	48	25	11	6	2	2	1	6	92
13	30	31	49	58	68	83	77	78	63	85	86	59	32	19	10	46	3	1	4	118
14	32	38	47	71	105	86	89	88	86	79	62	40	21	13	9	7	3	2	1	121
15	16	26	49	74	74	81	92	84	94	77	68	39	20	21	9	20	6	7	5	138
16	35	57	62	90	122	106	98	106	95	88	99	34	8	0	0	0	0	0	0	0
17	23	27	46	60	77	101	97	108	98	102	90	67	33	24	16	12	6	3	5	5
18	16	26	36	55	67	89	89	94	100	96	81	49	33	16	16	16	7	11	3	100
19	15	20	46	43	74	75	73	60	78	58	63	52	30	27	19	22	19	6	7	213
20	34	30	32	55	66	65	57	51	48	40	60	43	37	22	8	32	13	13	3	291
21	24	26	32	47	55	57	43	53	59	44	40	33	21	30	12	20	14	15	9	366
22	19	21	25	39	40	53	58	43	57	27	31	17	19	15	13	5	11	6	7	494
23	1	4	10	15	22	18	32	25	26	25	40	22	18	25	13	16	14	10	7	657
24	75	0	0	0	0	0	0	0	0	0	0	0	0	0	0	0	0	0	0	0
daily	0	0	0	1	42	64	76	65	53	90	102	138	111	116	68	41	19	9	5	0

Vehicle Wait Ratio Counts
hour	0.00+	0.01+	0.25+	0.50+	0.75+	1.00+
0	52	177	202	110	26	433
1	86	262	92	91	47	422
2	130	233	105	58	44	430
3	129	164	85	65	80	477
4	167	181	68	45	43	496
5	43	248	118	62	23	506
6	7	122	135	80	100	556
7	16	253	243	86	100	302
8	22	306	388	88	66	130
9	14	311	434	126	16	99
10	7	221	338	196	68	170
11	12	249	360	160	76	143
12	3	286	452	156	14	89
13	7	229	386	206	58	114
14	9	284	428	145	14	120
15	4	235	428	157	39	137
16	7	359	493	141	0	0
17	4	229	506	230	31	0
18	2	198	468	195	41	96
19	2	196	344	191	61	206
20	7	210	261	170	67	285
21	10	174	256	136	63	361
22	9	135	238	95	37	486
23	0	52	126	118	57	647
24	75	0	0	0	0	0
daily	0	43	348	535	74	0

